0 0 1.51893e-018
4 0 -1.00323e-018
8 0 9.11454e-017
12 0 -6.90441e-016
16 0 4.62953e-015
20 0 -2.05034e-014
24 0 -2.51194e-014
28 0 1.48591e-012
32 0 -1.52811e-011
36 0 5.0813e-011
40 0 1.21055e-009
44 0 -1.94269e-008
48 0 -4.43148e-007
52 0 -4.20224e-006
56 0 -2.64352e-005
60 0 -0.000126476
64 0 -0.000492278
68 0 -0.00161683
72 0 -0.00449965
76 0 -0.00996384
80 0 -0.0128614
84 0 0.0185664
88 0 0.182027
92 0 0.667625
96 0 1.71177
100 0 3.4786
104 0 5.97011
108 0 9.04705
112 0 12.5211
116 0 16.2307
120 0 20.0674
124 0 23.9686
128 0 27.9014
132 0 31.8494
136 0 35.8042
140 0 39.7615
144 0 43.7182
148 0 47.6711
152 0 51.6157
156 0 55.5446
160 0 59.4453
164 0 63.2975
168 0 67.0697
172 0 70.7156
176 0 74.1715
180 0 77.3561
184 0 80.1741
188 0 82.5238
192 0 84.3101
196 0 85.4583
200 0 85.9271
0 4 -1.00323e-018
4 4 -3.46997e-017
8 4 -7.72508e-018
12 4 5.55246e-016
16 4 -7.84784e-015
20 4 8.22885e-014
24 4 -5.15887e-013
28 4 8.37678e-013
32 4 2.70298e-011
36 4 -3.67705e-010
40 4 -1.49967e-010
44 4 8.43063e-008
48 4 1.14397e-006
52 4 8.68349e-006
56 4 4.68535e-005
60 4 0.000197229
64 4 0.00068252
68 4 0.00204
72 4 0.00576668
76 4 0.0178425
80 4 0.0631319
84 4 0.22013
88 4 0.658634
92 4 1.61897
96 4 3.30066
100 4 5.74453
104 4 8.82332
108 4 12.3338
112 4 16.0919
116 4 19.9736
120 4 23.91
124 4 27.868
128 4 31.8333
132 4 35.8007
136 4 39.7682
140 4 43.7353
144 4 47.7013
148 4 51.6646
152 4 55.6218
156 4 59.5662
160 4 63.485
164 4 67.3568
168 4 71.1475
172 4 74.8069
176 4 78.266
180 4 81.4384
184 4 84.2245
188 4 86.5212
192 4 88.2361
196 4 89.3012
200 4 89.6847
0 8 9.11454e-017
4 8 -7.72508e-018
8 8 5.85184e-016
12 8 -3.63688e-015
16 8 1.04056e-014
20 8 -9.54808e-014
24 8 1.09824e-012
28 8 -7.78367e-012
32 8 5.68722e-012
36 8 7.03377e-010
40 8 -6.04933e-009
44 8 -1.85043e-007
48 8 -1.84243e-006
52 8 -1.15102e-005
56 8 -5.23796e-005
60 8 -0.000183543
64 8 -0.000490228
68 8 -0.000756829
72 8 0.00198354
76 8 0.025648
80 8 0.139214
84 8 0.513204
88 8 1.41236
92 8 3.07109
96 8 5.54308
100 8 8.68213
104 8 12.2553
108 8 16.06
112 8 19.9684
116 8 23.9162
120 8 27.8767
124 8 31.8404
128 8 35.8047
132 8 39.7689
136 8 43.7329
140 8 47.6964
144 8 51.659
148 8 55.619
152 8 59.5733
156 8 63.5156
160 8 67.4338
164 8 71.3072
168 8 75.1025
172 8 78.7701
176 8 82.2415
180 8 85.4301
184 8 88.2365
188 8 90.5581
192 8 92.3035
196 8 93.4063
200 8 93.8363
0 12 -6.90441e-016
4 12 5.55246e-016
8 12 -3.63688e-015
12 12 3.73008e-014
16 12 -1.61722e-013
20 12 5.89182e-013
24 12 -2.81463e-012
28 12 1.95862e-011
32 12 -1.07675e-010
36 12 -4.99003e-010
40 12 1.65716e-008
44 12 2.66753e-007
48 12 2.0417e-006
52 12 1.03004e-005
56 12 3.77725e-005
60 12 0.000106371
64 12 0.000303769
68 12 0.00176678
72 12 0.0148003
76 12 0.0934047
80 12 0.401614
84 12 1.23022
88 12 2.85869
92 12 5.35744
96 12 8.55525
100 12 12.1849
104 12 16.0271
108 12 19.9544
112 12 23.91
116 12 27.8732
120 12 31.838
124 12 35.8031
128 12 39.7681
132 12 43.7332
136 12 47.698
140 12 51.6625
144 12 55.6257
148 12 59.5863
152 12 63.541
156 12 67.4834
160 12 71.4017
164 12 75.2755
168 12 79.072
172 12 82.7423
176 12 86.2188
180 12 89.4161
184 12 92.2361
188 12 94.5775
192 12 96.35
196 12 97.4883
200 12 97.9631
0 16 4.62953e-015
4 16 -7.84784e-015
8 16 1.04056e-014
12 16 -1.61722e-013
16 16 1.02973e-012
20 16 -4.69862e-012
24 16 1.91498e-011
28 16 -8.18684e-011
32 16 4.05545e-010
36 16 -1.05736e-009
40 16 -2.35463e-008
44 16 -2.73736e-007
48 16 -1.55679e-006
52 16 -6.11377e-006
56 16 -1.69693e-005
60 16 -2.38823e-005
64 16 0.000311393
68 16 0.00595207
72 16 0.0554967
76 16 0.300241
80 16 1.05439
84 16 2.65014
88 16 5.17926
92 16 8.44017
96 16 12.1266
100 16 16.0033
104 16 19.9466
108 16 23.9081
112 16 27.8731
116 16 31.8384
120 16 35.8035
124 16 39.7685
128 16 43.7335
132 16 47.6983
136 16 51.6631
140 16 55.6273
144 16 59.5905
148 16 63.5511
152 16 67.5059
156 16 71.4486
160 16 75.3674
164 16 79.2423
168 16 83.0408
172 16 86.7144
176 16 90.1967
180 16 93.4031
184 16 96.2369
188 16 98.5982
192 16 100.398
196 16 101.572
200 16 102.092
0 20 -2.05034e-014
4 20 8.22885e-014
8 20 -9.54808e-014
12 20 5.89182e-013
16 20 -4.69862e-012
20 20 2.63224e-011
24 20 -1.22741e-010
28 20 5.17196e-010
32 20 -2.11479e-009
36 20 8.13063e-009
40 20 5.04203e-009
44 20 2.49017e-007
48 20 6.19551e-007
52 20 2.72623e-006
56 20 2.07025e-006
60 20 6.21006e-005
64 20 0.00175828
68 20 0.0288851
72 20 0.21378
76 20 0.889753
80 20 2.44999
84 20 5.01315
88 20 8.34058
92 20 12.0819
96 20 15.9882
100 20 19.9431
104 20 23.9078
108 20 27.8733
112 20 31.8385
116 20 35.8035
120 20 39.7685
124 20 43.7334
128 20 47.6984
132 20 51.6632
136 20 55.628
140 20 59.5923
144 20 63.5555
148 20 67.5161
152 20 71.471
156 20 75.414
160 20 79.3333
164 20 83.2092
168 20 87.0096
172 20 90.6867
176 20 94.1746
180 20 97.3902
184 20 100.238
188 20 102.619
192 20 104.446
196 20 105.656
200 20 106.221
0 24 -2.51194e-014
4 24 -5.15887e-013
8 24 1.09824e-012
12 24 -2.81463e-012
16 24 1.91498e-011
20 24 -1.22741e-010
24 24 6.49183e-010
28 24 -2.99426e-009
32 24 1.24478e-008
36 24 -4.77648e-008
40 24 1.3604e-007
44 24 -5.66073e-007
48 24 1.27826e-006
52 24 -5.65615e-006
56 24 2.0949e-005
60 24 0.000156612
64 24 0.0116093
68 24 0.142361
72 24 0.737917
76 24 2.26009
80 24 4.86094
84 24 8.25703
88 24 12.0495
92 24 15.9797
96 24 19.942
100 24 23.908
104 24 27.8735
108 24 31.8385
112 24 35.8035
116 24 39.7685
120 24 43.7334
124 24 47.6984
128 24 51.6633
132 24 55.6282
136 24 59.593
140 24 63.5573
144 24 67.5205
148 24 71.4812
152 24 75.4362
156 24 79.3794
160 24 83.2992
164 24 87.1761
168 24 90.9784
172 24 94.6589
176 24 98.1525
180 24 101.377
184 24 104.239
188 24 106.64
192 24 108.494
196 24 109.74
200 24 110.35
0 28 1.48591e-012
4 28 8.37678e-013
8 28 -7.78367e-012
12 28 1.95862e-011
16 28 -8.18684e-011
20 28 5.17196e-010
24 28 -2.99426e-009
28 28 1.497e-008
32 28 -6.5354e-008
36 28 2.50598e-007
40 28 -8.16629e-007
44 28 2.3928e-006
48 28 -6.06285e-006
52 28 1.41169e-005
56 28 -3.36707e-005
60 28 0.00185708
64 28 0.0860678
68 28 0.601277
72 28 2.08348
76 28 4.72519
80 28 8.1901
84 28 12.0282
88 28 15.976
92 28 19.9422
96 28 23.9084
100 28 27.8736
104 28 31.8386
108 28 35.8035
112 28 39.7685
116 28 43.7334
120 28 47.6984
124 28 51.6634
128 28 55.6283
132 28 59.5932
136 28 63.5579
140 28 67.5223
144 28 71.4855
148 28 75.4462
152 28 79.4014
156 28 83.3448
160 28 87.2651
164 28 91.1431
168 28 94.9472
172 28 98.6311
176 28 102.13
180 28 105.364
184 28 108.239
188 28 110.661
192 28 112.542
196 28 113.824
200 28 114.479
0 32 -1.52811e-011
4 32 2.70298e-011
8 32 5.68722e-012
12 32 -1.07675e-010
16 32 4.05545e-010
20 32 -2.11479e-009
24 32 1.24478e-008
28 32 -6.5354e-008
32 32 2.89856e-007
36 32 -1.04362e-006
40 32 2.71537e-006
44 32 -2.39401e-006
48 32 -2.84369e-005
52 32 0.000291641
56 32 -0.00251953
60 32 0.0442701
64 32 0.482637
68 32 1.92405
72 32 4.60841
76 32 8.13944
80 32 12.0158
84 32 15.9753
88 32 19.9429
92 32 23.9086
96 32 27.8736
100 32 31.8385
104 32 35.8035
108 32 39.7685
112 32 43.7334
116 32 47.6984
120 32 51.6634
124 32 55.6283
128 32 59.5933
132 32 63.5582
136 32 67.5229
140 32 71.4872
144 32 75.4505
148 32 79.4113
152 32 83.3665
156 32 87.3101
160 32 91.231
164 32 95.11
168 32 98.916
172 32 102.603
176 32 106.108
180 32 109.351
184 32 112.24
188 32 114.681
192 32 116.591
196 32 117.908
200 32 118.608
0 36 5.0813e-011
4 36 -3.67705e-010
8 36 7.03377e-010
12 36 -4.99003e-010
16 36 -1.05736e-009
20 36 8.13063e-009
24 36 -4.77648e-008
28 36 2.50598e-007
32 36 -1.04362e-006
36 36 2.74308e-006
40 36 2.21775e-006
44 36 -8.18329e-005
48 36 0.000636442
52 36 -0.00369975
56 36 0.0155801
60 36 0.385156
64 36 1.78661
68 36 4.51266
72 36 8.10363
76 36 12.0099
80 36 15.9761
84 36 19.9434
88 36 23.9087
92 36 27.8736
96 36 31.8385
100 36 35.8035
104 36 39.7685
108 36 43.7334
112 36 47.6984
116 36 51.6634
120 36 55.6283
124 36 59.5933
128 36 63.5582
132 36 67.5231
136 36 71.4879
140 36 75.4522
144 36 79.4155
148 36 83.3763
152 36 87.3317
156 36 91.2755
160 36 95.1969
164 36 99.0769
168 36 102.885
172 36 106.575
176 36 110.086
180 36 113.338
184 36 116.241
188 36 118.702
192 36 120.639
196 36 121.992
200 36 122.736
0 40 1.21055e-009
4 40 -1.49967e-010
8 40 -6.04933e-009
12 40 1.65716e-008
16 40 -2.35463e-008
20 40 5.04203e-009
24 40 1.3604e-007
28 40 -8.16629e-007
32 40 2.71537e-006
36 40 2.21775e-006
40 40 -0.000105347
44 40 0.000821516
48 40 -0.00355791
52 40 -0.0019006
56 40 0.312191
60 40 1.6766
64 40 4.43912
68 40 8.08023
72 40 12.0079
76 40 15.9771
80 40 19.9437
84 40 23.9087
88 40 27.8736
92 40 31.8385
96 40 35.8035
100 40 39.7685
104 40 43.7334
108 40 47.6984
112 40 51.6634
116 40 55.6283
120 40 59.5933
124 40 63.5583
128 40 67.5232
132 40 71.4881
136 40 75.4529
140 40 79.4172
144 40 83.3805
148 40 87.3414
152 40 91.2968
156 40 95.2409
160 40 99.1628
164 40 103.044
168 40 106.854
172 40 110.548
176 40 114.064
180 40 117.325
184 40 120.242
188 40 122.723
192 40 124.687
196 40 126.076
200 40 126.865
0 44 -1.94269e-008
4 44 8.43063e-008
8 44 -1.85043e-007
12 44 2.66753e-007
16 44 -2.73736e-007
20 44 2.49017e-007
24 44 -5.66073e-007
28 44 2.3928e-006
32 44 -2.39401e-006
36 44 -8.18329e-005
40 44 0.000821516
44 44 -0.00336143
48 44 -0.0100509
52 44 0.266871
56 44 1.59945
60 44 4.38778
64 44 8.06623
68 44 12.0079
72 44 15.9779
76 44 19.9438
80 44 23.9086
84 44 27.8735
88 44 31.8385
92 44 35.8035
96 44 39.7685
100 44 43.7334
104 44 47.6984
108 44 51.6634
112 44 55.6283
116 44 59.5933
120 44 63.5583
124 44 67.5232
128 44 71.4882
132 44 75.4531
136 44 79.4178
140 44 83.3822
144 44 87.3455
148 44 91.3064
152 44 95.262
156 44 99.2063
160 44 103.129
164 44 107.011
168 44 110.822
172 44 114.52
176 44 118.042
180 44 121.312
184 44 124.243
188 44 126.744
192 44 128.735
196 44 130.16
200 44 130.994
0 48 -4.43148e-007
4 48 1.14397e-006
8 48 -1.84243e-006
12 48 2.0417e-006
16 48 -1.55679e-006
20 48 6.19551e-007
24 48 1.27826e-006
28 48 -6.06285e-006
32 48 -2.84369e-005
36 48 0.000636442
40 48 -0.00355791
44 48 -0.0100509
48 48 0.251483
52 48 1.55961
56 48 4.35775
60 48 8.05874
64 48 12.0084
68 48 15.9783
72 48 19.9438
76 48 23.9086
80 48 27.8735
84 48 31.8385
88 48 35.8035
92 48 39.7685
96 48 43.7334
100 48 47.6984
104 48 51.6634
108 48 55.6283
112 48 59.5933
116 48 63.5583
120 48 67.5232
124 48 71.4882
128 48 75.4532
132 48 79.4181
136 48 83.3828
140 48 87.3472
144 48 91.3105
148 48 95.2715
152 48 99.2271
156 48 103.172
160 48 107.095
164 48 110.978
168 48 114.791
172 48 118.492
176 48 122.02
180 48 125.299
184 48 128.244
188 48 130.764
192 48 132.783
196 48 134.244
200 48 135.123
0 52 -4.20224e-006
4 52 8.68349e-006
8 52 -1.15102e-005
12 52 1.03004e-005
16 52 -6.11377e-006
20 52 2.72623e-006
24 52 -5.65615e-006
28 52 1.41169e-005
32 52 0.000291641
36 52 -0.00369975
40 52 -0.0019006
44 52 0.266871
48 52 1.55961
52 52 4.3479
56 52 8.05556
60 52 12.0089
64 52 15.9786
68 52 19.9438
72 52 23.9086
76 52 27.8735
80 52 31.8385
84 52 35.8035
88 52 39.7685
92 52 43.7334
96 52 47.6984
100 52 51.6634
104 52 55.6283
108 52 59.5933
112 52 63.5583
116 52 67.5233
120 52 71.4882
124 52 75.4532
128 52 79.4181
132 52 83.383
136 52 87.3478
140 52 91.3121
144 52 95.2755
148 52 99.2365
152 52 103.192
156 52 107.137
160 52 111.061
164 52 114.945
168 52 118.76
172 52 122.464
176 52 125.998
180 52 129.286
184 52 132.245
188 52 134.785
192 52 136.831
196 52 138.328
200 52 139.252
0 56 -2.64352e-005
4 56 4.68535e-005
8 56 -5.23796e-005
12 56 3.77725e-005
16 56 -1.69693e-005
20 56 2.07025e-006
24 56 2.0949e-005
28 56 -3.36707e-005
32 56 -0.00251953
36 56 0.0155801
40 56 0.312191
44 56 1.59945
48 56 4.35775
52 56 8.05556
56 56 12.0091
60 56 15.9786
64 56 19.9437
68 56 23.9086
72 56 27.8736
76 56 31.8385
80 56 35.8035
84 56 39.7685
88 56 43.7334
92 56 47.6984
96 56 51.6634
100 56 55.6283
104 56 59.5933
108 56 63.5583
112 56 67.5233
116 56 71.4882
120 56 75.4532
124 56 79.4182
128 56 83.3831
132 56 87.348
136 56 91.3128
140 56 95.2771
144 56 99.2405
148 56 103.202
152 56 107.157
156 56 111.103
160 56 115.026
164 56 118.911
168 56 122.729
172 56 126.436
176 56 129.976
180 56 133.273
184 56 136.245
188 56 138.806
192 56 140.879
196 56 142.411
200 56 143.381
0 60 -0.000126476
4 60 0.000197229
8 60 -0.000183543
12 60 0.000106371
16 60 -2.38823e-005
20 60 6.21006e-005
24 60 0.000156612
28 60 0.00185708
32 60 0.0442701
36 60 0.385156
40 60 1.6766
44 60 4.38778
48 60 8.05874
52 60 12.0089
56 60 15.9786
60 60 19.9437
64 60 23.9086
68 60 27.8736
72 60 31.8385
76 60 35.8035
80 60 39.7685
84 60 43.7334
88 60 47.6984
92 60 51.6634
96 60 55.6283
100 60 59.5933
104 60 63.5583
108 60 67.5233
112 60 71.4882
116 60 75.4532
120 60 79.4182
124 60 83.3831
128 60 87.3481
132 60 91.313
136 60 95.2777
140 60 99.2421
144 60 103.205
148 60 107.167
152 60 111.123
156 60 115.068
160 60 118.992
164 60 122.878
168 60 126.698
172 60 130.409
176 60 133.954
180 60 137.26
184 60 140.246
188 60 142.827
192 60 144.927
196 60 146.495
200 60 147.51
0 64 -0.000492278
4 64 0.00068252
8 64 -0.000490228
12 64 0.000303769
16 64 0.000311393
20 64 0.00175828
24 64 0.0116093
28 64 0.0860678
32 64 0.482637
36 64 1.78661
40 64 4.43912
44 64 8.06623
48 64 12.0084
52 64 15.9786
56 64 19.9437
60 64 23.9086
64 64 27.8736
68 64 31.8385
72 64 35.8035
76 64 39.7685
80 64 43.7334
84 64 47.6984
88 64 51.6634
92 64 55.6283
96 64 59.5933
100 64 63.5583
104 64 67.5233
108 64 71.4882
112 64 75.4532
116 64 79.4182
120 64 83.3831
124 64 87.3481
128 64 91.313
132 64 95.2779
136 64 99.2427
140 64 103.207
144 64 107.17
148 64 111.132
152 64 115.088
156 64 119.033
160 64 122.958
164 64 126.845
168 64 130.667
172 64 134.381
176 64 137.932
180 64 141.247
184 64 144.247
188 64 146.847
192 64 148.975
196 64 150.579
200 64 151.639
0 68 -0.00161683
4 68 0.00204
8 68 -0.000756829
12 68 0.00176678
16 68 0.00595207
20 68 0.0288851
24 68 0.142361
28 68 0.601277
32 68 1.92405
36 68 4.51266
40 68 8.08023
44 68 12.0079
48 68 15.9783
52 68 19.9438
56 68 23.9086
60 68 27.8736
64 68 31.8385
68 68 35.8035
72 68 39.7685
76 68 43.7334
80 68 47.6984
84 68 51.6634
88 68 55.6283
92 68 59.5933
96 68 63.5583
100 68 67.5233
104 68 71.4882
108 68 75.4532
112 68 79.4182
116 68 83.3831
120 68 87.3481
124 68 91.3131
128 68 95.278
132 68 99.2429
136 68 103.208
140 68 107.172
144 68 111.135
148 68 115.097
152 68 119.053
156 68 122.999
160 68 126.924
164 68 130.812
168 68 134.635
172 68 138.353
176 68 141.909
180 68 145.234
184 68 148.248
188 68 150.868
192 68 153.023
196 68 154.663
200 68 155.767
0 72 -0.00449965
4 72 0.00576668
8 72 0.00198354
12 72 0.0148003
16 72 0.0554967
20 72 0.21378
24 72 0.737917
28 72 2.08348
32 72 4.60841
36 72 8.10363
40 72 12.0079
44 72 15.9779
48 72 19.9438
52 72 23.9086
56 72 27.8736
60 72 31.8385
64 72 35.8035
68 72 39.7685
72 72 43.7334
76 72 47.6984
80 72 51.6634
84 72 55.6283
88 72 59.5933
92 72 63.5583
96 72 67.5233
100 72 71.4882
104 72 75.4532
108 72 79.4182
112 72 83.3831
116 72 87.3481
120 72 91.3131
124 72 95.278
128 72 99.243
132 72 103.208
136 72 107.173
140 72 111.137
144 72 115.1
148 72 119.062
152 72 123.018
156 72 126.964
160 72 130.89
164 72 134.779
168 72 138.604
172 72 142.325
176 72 145.887
180 72 149.221
184 72 152.249
188 72 154.889
192 72 157.071
196 72 158.747
200 72 159.896
0 76 -0.00996384
4 76 0.0178425
8 76 0.025648
12 76 0.0934047
16 76 0.300241
20 76 0.889753
24 76 2.26009
28 76 4.72519
32 76 8.13944
36 76 12.0099
40 76 15.9771
44 76 19.9438
48 76 23.9086
52 76 27.8735
56 76 31.8385
60 76 35.8035
64 76 39.7685
68 76 43.7334
72 76 47.6984
76 76 51.6634
80 76 55.6283
84 76 59.5933
88 76 63.5583
92 76 67.5233
96 76 71.4882
100 76 75.4532
104 76 79.4182
108 76 83.3831
112 76 87.3481
116 76 91.3131
120 76 95.278
124 76 99.243
128 76 103.208
132 76 107.173
136 76 111.138
140 76 115.102
144 76 119.065
148 76 123.027
152 76 126.983
156 76 130.929
160 76 134.856
164 76 138.746
168 76 142.573
172 76 146.297
176 76 149.865
180 76 153.209
184 76 156.25
188 76 158.91
192 76 161.12
196 76 162.831
200 76 164.025
0 80 -0.0128614
4 80 0.0631319
8 80 0.139214
12 80 0.401614
16 80 1.05439
20 80 2.44999
24 80 4.86094
28 80 8.1901
32 80 12.0158
36 80 15.9761
40 80 19.9437
44 80 23.9086
48 80 27.8735
52 80 31.8385
56 80 35.8035
60 80 39.7685
64 80 43.7334
68 80 47.6984
72 80 51.6634
76 80 55.6283
80 80 59.5933
84 80 63.5583
88 80 67.5233
92 80 71.4882
96 80 75.4532
100 80 79.4182
104 80 83.3831
108 80 87.3481
112 80 91.3131
116 80 95.278
120 80 99.243
124 80 103.208
128 80 107.173
132 80 111.138
136 80 115.103
140 80 119.067
144 80 123.03
148 80 126.992
152 80 130.948
156 80 134.895
160 80 138.822
164 80 142.713
168 80 146.542
172 80 150.27
176 80 153.843
180 80 157.196
184 80 160.25
188 80 162.93
192 80 165.168
196 80 166.915
200 80 168.154
0 84 0.0185664
4 84 0.22013
8 84 0.513204
12 84 1.23022
16 84 2.65014
20 84 5.01315
24 84 8.25703
28 84 12.0282
32 84 15.9753
36 84 19.9434
40 84 23.9087
44 84 27.8735
48 84 31.8385
52 84 35.8035
56 84 39.7685
60 84 43.7334
64 84 47.6984
68 84 51.6634
72 84 55.6283
76 84 59.5933
80 84 63.5583
84 84 67.5233
88 84 71.4882
92 84 75.4532
96 84 79.4182
100 84 83.3831
104 84 87.3481
108 84 91.3131
112 84 95.278
116 84 99.243
120 84 103.208
124 84 107.173
128 84 111.138
132 84 115.103
136 84 119.068
140 84 123.032
144 84 126.995
148 84 130.957
152 84 134.913
156 84 138.86
160 84 142.788
164 84 146.68
168 84 150.511
172 84 154.242
176 84 157.821
180 84 161.183
184 84 164.251
188 84 166.951
192 84 169.216
196 84 170.999
200 84 172.283
0 88 0.182027
4 88 0.658634
8 88 1.41236
12 88 2.85869
16 88 5.17926
20 88 8.34058
24 88 12.0495
28 88 15.976
32 88 19.9429
36 88 23.9087
40 88 27.8736
44 88 31.8385
48 88 35.8035
52 88 39.7685
56 88 43.7334
60 88 47.6984
64 88 51.6634
68 88 55.6283
72 88 59.5933
76 88 63.5583
80 88 67.5233
84 88 71.4882
88 88 75.4532
92 88 79.4182
96 88 83.3831
100 88 87.3481
104 88 91.3131
108 88 95.278
112 88 99.243
116 88 103.208
120 88 107.173
124 88 111.138
128 88 115.103
132 88 119.068
136 88 123.033
140 88 126.997
144 88 130.96
148 88 134.922
152 88 138.879
156 88 142.826
160 88 146.754
164 88 150.647
168 88 154.479
172 88 158.214
176 88 161.799
180 88 165.17
184 88 168.252
188 88 170.972
192 88 173.264
196 88 175.083
200 88 176.412
0 92 0.667625
4 92 1.61897
8 92 3.07109
12 92 5.35744
16 92 8.44017
20 92 12.0819
24 92 15.9797
28 92 19.9422
32 92 23.9086
36 92 27.8736
40 92 31.8385
44 92 35.8035
48 92 39.7685
52 92 43.7334
56 92 47.6984
60 92 51.6634
64 92 55.6283
68 92 59.5933
72 92 63.5583
76 92 67.5233
80 92 71.4882
84 92 75.4532
88 92 79.4182
92 92 83.3831
96 92 87.3481
100 92 91.3131
104 92 95.278
108 92 99.243
112 92 103.208
116 92 107.173
120 92 111.138
124 92 115.103
128 92 119.068
132 92 123.033
136 92 126.998
140 92 130.962
144 92 134.925
148 92 138.887
152 92 142.844
156 92 146.791
160 92 150.72
164 92 154.614
168 92 158.448
172 92 162.186
176 92 165.777
180 92 169.157
184 92 172.253
188 92 174.993
192 92 177.312
196 92 179.167
200 92 180.541
0 96 1.71177
4 96 3.30066
8 96 5.54308
12 96 8.55525
16 96 12.1266
20 96 15.9882
24 96 19.942
28 96 23.9084
32 96 27.8736
36 96 31.8385
40 96 35.8035
44 96 39.7685
48 96 43.7334
52 96 47.6984
56 96 51.6634
60 96 55.6283
64 96 59.5933
68 96 63.5583
72 96 67.5233
76 96 71.4882
80 96 75.4532
84 96 79.4182
88 96 83.3831
92 96 87.3481
96 96 91.3131
100 96 95.278
104 96 99.243
108 96 103.208
112 96 107.173
116 96 111.138
120 96 115.103
124 96 119.068
128 96 123.033
132 96 126.998
136 96 130.962
140 96 134.927
144 96 138.89
148 96 142.852
152 96 146.809
156 96 150.756
160 96 154.685
164 96 158.581
168 96 162.417
172 96 166.158
176 96 169.755
180 96 173.144
184 96 176.254
188 96 179.013
192 96 181.36
196 96 183.251
200 96 184.67
0 100 3.4786
4 100 5.74453
8 100 8.68213
12 100 12.1849
16 100 16.0033
20 100 19.9431
24 100 23.908
28 100 27.8736
32 100 31.8385
36 100 35.8035
40 100 39.7685
44 100 43.7334
48 100 47.6984
52 100 51.6634
56 100 55.6283
60 100 59.5933
64 100 63.5583
68 100 67.5233
72 100 71.4882
76 100 75.4532
80 100 79.4182
84 100 83.3831
88 100 87.3481
92 100 91.3131
96 100 95.278
100 100 99.243
104 100 103.208
108 100 107.173
112 100 111.138
116 100 115.103
120 100 119.068
124 100 123.033
128 100 126.998
132 100 130.963
136 100 134.927
140 100 138.892
144 100 142.855
148 100 146.817
152 100 150.774
156 100 154.722
160 100 158.651
164 100 162.547
168 100 166.386
172 100 170.131
176 100 173.733
180 100 177.131
184 100 180.255
188 100 183.034
192 100 185.408
196 100 187.334
200 100 188.799
0 104 5.97011
4 104 8.82332
8 104 12.2553
12 104 16.0271
16 104 19.9466
20 104 23.9078
24 104 27.8735
28 104 31.8386
32 104 35.8035
36 104 39.7685
40 104 43.7334
44 104 47.6984
48 104 51.6634
52 104 55.6283
56 104 59.5933
60 104 63.5583
64 104 67.5233
68 104 71.4882
72 104 75.4532
76 104 79.4182
80 104 83.3831
84 104 87.3481
88 104 91.3131
92 104 95.278
96 104 99.243
100 104 103.208
104 104 107.173
108 104 111.138
112 104 115.103
116 104 119.068
120 104 123.033
124 104 126.998
128 104 130.963
132 104 134.928
136 104 138.892
140 104 142.857
144 104 146.82
148 104 150.782
152 104 154.739
156 104 158.687
160 104 162.617
164 104 166.514
168 104 170.355
172 104 174.103
176 104 177.711
180 104 181.118
184 104 184.255
188 104 187.055
192 104 189.456
196 104 191.418
200 104 192.927
0 108 9.04705
4 108 12.3338
8 108 16.06
12 108 19.9544
16 108 23.9081
20 108 27.8733
24 108 31.8385
28 108 35.8035
32 108 39.7685
36 108 43.7334
40 108 47.6984
44 108 51.6634
48 108 55.6283
52 108 59.5933
56 108 63.5583
60 108 67.5233
64 108 71.4882
68 108 75.4532
72 108 79.4182
76 108 83.3831
80 108 87.3481
84 108 91.3131
88 108 95.278
92 108 99.243
96 108 103.208
100 108 107.173
104 108 111.138
108 108 115.103
112 108 119.068
116 108 123.033
120 108 126.998
124 108 130.963
128 108 134.928
132 108 138.893
136 108 142.857
140 108 146.822
144 108 150.785
148 108 154.747
152 108 158.704
156 108 162.653
160 108 166.583
164 108 170.481
168 108 174.324
172 108 178.075
176 108 181.689
180 108 185.105
184 108 188.256
188 108 191.076
192 108 193.504
196 108 195.502
200 108 197.056
0 112 12.5211
4 112 16.0919
8 112 19.9684
12 112 23.91
16 112 27.8731
20 112 31.8385
24 112 35.8035
28 112 39.7685
32 112 43.7334
36 112 47.6984
40 112 51.6634
44 112 55.6283
48 112 59.5933
52 112 63.5583
56 112 67.5233
60 112 71.4882
64 112 75.4532
68 112 79.4182
72 112 83.3831
76 112 87.3481
80 112 91.3131
84 112 95.278
88 112 99.243
92 112 103.208
96 112 107.173
100 112 111.138
104 112 115.103
108 112 119.068
112 112 123.033
116 112 126.998
120 112 130.963
124 112 134.928
128 112 138.893
132 112 142.858
136 112 146.822
140 112 150.787
144 112 154.75
148 112 158.712
152 112 162.67
156 112 166.618
160 112 170.549
164 112 174.448
168 112 178.292
172 112 182.047
176 112 185.666
180 112 189.092
184 112 192.257
188 112 195.097
192 112 197.552
196 112 199.586
200 112 201.185
0 116 16.2307
4 116 19.9736
8 116 23.9162
12 116 27.8732
16 116 31.8384
20 116 35.8035
24 116 39.7685
28 116 43.7334
32 116 47.6984
36 116 51.6634
40 116 55.6283
44 116 59.5933
48 116 63.5583
52 116 67.5233
56 116 71.4882
60 116 75.4532
64 116 79.4182
68 116 83.3831
72 116 87.3481
76 116 91.3131
80 116 95.278
84 116 99.243
88 116 103.208
92 116 107.173
96 116 111.138
100 116 115.103
104 116 119.068
108 116 123.033
112 116 126.998
116 116 130.963
120 116 134.928
124 116 138.893
128 116 142.858
132 116 146.823
136 116 150.787
140 116 154.752
144 116 158.715
148 116 162.677
152 116 166.635
156 116 170.583
160 116 174.515
164 116 178.415
168 116 182.261
172 116 186.019
176 116 189.644
180 116 193.079
184 116 196.258
188 116 199.117
192 116 201.6
196 116 203.67
200 116 205.314
0 120 20.0674
4 120 23.91
8 120 27.8767
12 120 31.838
16 120 35.8035
20 120 39.7685
24 120 43.7334
28 120 47.6984
32 120 51.6634
36 120 55.6283
40 120 59.5933
44 120 63.5583
48 120 67.5232
52 120 71.4882
56 120 75.4532
60 120 79.4182
64 120 83.3831
68 120 87.3481
72 120 91.3131
76 120 95.278
80 120 99.243
84 120 103.208
88 120 107.173
92 120 111.138
96 120 115.103
100 120 119.068
104 120 123.033
108 120 126.998
112 120 130.963
116 120 134.928
120 120 138.893
124 120 142.858
128 120 146.823
132 120 150.788
136 120 154.752
140 120 158.717
144 120 162.68
148 120 166.642
152 120 170.6
156 120 174.549
160 120 178.481
164 120 182.382
168 120 186.23
172 120 189.992
176 120 193.622
180 120 197.066
184 120 200.259
188 120 203.138
192 120 205.649
196 120 207.754
200 120 209.443
0 124 23.9686
4 124 27.868
8 124 31.8404
12 124 35.8031
16 124 39.7685
20 124 43.7334
24 124 47.6984
28 124 51.6634
32 124 55.6283
36 124 59.5933
40 124 63.5583
44 124 67.5232
48 124 71.4882
52 124 75.4532
56 124 79.4182
60 124 83.3831
64 124 87.3481
68 124 91.3131
72 124 95.278
76 124 99.243
80 124 103.208
84 124 107.173
88 124 111.138
92 124 115.103
96 124 119.068
100 124 123.033
104 124 126.998
108 124 130.963
112 124 134.928
116 124 138.893
120 124 142.858
124 124 146.823
128 124 150.788
132 124 154.752
136 124 158.717
140 124 162.682
144 124 166.645
148 124 170.607
152 124 174.565
156 124 178.514
160 124 182.447
164 124 186.349
168 124 190.199
172 124 193.964
176 124 197.6
180 124 201.053
184 124 204.26
188 124 207.159
192 124 209.697
196 124 211.838
200 124 213.572
0 128 27.9014
4 128 31.8333
8 128 35.8047
12 128 39.7681
16 128 43.7335
20 128 47.6984
24 128 51.6633
28 128 55.6283
32 128 59.5933
36 128 63.5582
40 128 67.5232
44 128 71.4882
48 128 75.4532
52 128 79.4181
56 128 83.3831
60 128 87.3481
64 128 91.313
68 128 95.278
72 128 99.243
76 128 103.208
80 128 107.173
84 128 111.138
88 128 115.103
92 128 119.068
96 128 123.033
100 128 126.998
104 128 130.963
108 128 134.928
112 128 138.893
116 128 142.858
120 128 146.823
124 128 150.788
128 128 154.753
132 128 158.717
136 128 162.682
140 128 166.647
144 128 170.61
148 128 174.572
152 128 178.53
156 128 182.48
160 128 186.413
164 128 190.316
168 128 194.168
172 128 197.936
176 128 201.578
180 128 205.04
184 128 208.261
188 128 211.18
192 128 213.745
196 128 215.922
200 128 217.701
0 132 31.8494
4 132 35.8007
8 132 39.7689
12 132 43.7332
16 132 47.6983
20 132 51.6632
24 132 55.6282
28 132 59.5932
32 132 63.5582
36 132 67.5231
40 132 71.4881
44 132 75.4531
48 132 79.4181
52 132 83.383
56 132 87.348
60 132 91.313
64 132 95.2779
68 132 99.2429
72 132 103.208
76 132 107.173
80 132 111.138
84 132 115.103
88 132 119.068
92 132 123.033
96 132 126.998
100 132 130.963
104 132 134.928
108 132 138.893
112 132 142.858
116 132 146.823
120 132 150.788
124 132 154.752
128 132 158.717
132 132 162.682
136 132 166.647
140 132 170.612
144 132 174.575
148 132 178.537
152 132 182.495
156 132 186.445
160 132 190.378
164 132 194.283
168 132 198.136
172 132 201.908
176 132 205.556
180 132 209.027
184 132 212.261
188 132 215.2
192 132 217.793
196 132 220.006
200 132 221.829
0 136 35.8042
4 136 39.7682
8 136 43.7329
12 136 47.698
16 136 51.6631
20 136 55.628
24 136 59.593
28 136 63.5579
32 136 67.5229
36 136 71.4879
40 136 75.4529
44 136 79.4178
48 136 83.3828
52 136 87.3478
56 136 91.3128
60 136 95.2777
64 136 99.2427
68 136 103.208
72 136 107.173
76 136 111.138
80 136 115.103
84 136 119.068
88 136 123.033
92 136 126.998
96 136 130.962
100 136 134.927
104 136 138.892
108 136 142.857
112 136 146.822
116 136 150.787
120 136 154.752
124 136 158.717
128 136 162.682
132 136 166.647
136 136 170.612
140 136 174.576
144 136 178.54
148 136 182.502
152 136 186.46
156 136 190.41
160 136 194.344
164 136 198.249
168 136 202.105
172 136 205.88
176 136 209.534
180 136 213.014
184 136 216.262
188 136 219.221
192 136 221.841
196 136 224.089
200 136 225.958
0 140 39.7615
4 140 43.7353
8 140 47.6964
12 140 51.6625
16 140 55.6273
20 140 59.5923
24 140 63.5573
28 140 67.5223
32 140 71.4872
36 140 75.4522
40 140 79.4172
44 140 83.3822
48 140 87.3472
52 140 91.3121
56 140 95.2771
60 140 99.2421
64 140 103.207
68 140 107.172
72 140 111.137
76 140 115.102
80 140 119.067
84 140 123.032
88 140 126.997
92 140 130.962
96 140 134.927
100 140 138.892
104 140 142.857
108 140 146.822
112 140 150.787
116 140 154.752
120 140 158.717
124 140 162.682
128 140 166.647
132 140 170.612
136 140 174.576
140 140 178.541
144 140 182.505
148 140 186.467
152 140 190.425
156 140 194.375
160 140 198.31
164 140 202.216
168 140 206.073
172 140 209.852
176 140 213.511
180 140 217
184 140 220.262
188 140 223.241
192 140 225.888
196 140 228.173
200 140 230.086
0 144 43.7182
4 144 47.7013
8 144 51.659
12 144 55.6257
16 144 59.5905
20 144 63.5555
24 144 67.5205
28 144 71.4855
32 144 75.4505
36 144 79.4155
40 144 83.3805
44 144 87.3455
48 144 91.3105
52 144 95.2755
56 144 99.2405
60 144 103.205
64 144 107.17
68 144 111.135
72 144 115.1
76 144 119.065
80 144 123.03
84 144 126.995
88 144 130.96
92 144 134.925
96 144 138.89
100 144 142.855
104 144 146.82
108 144 150.785
112 144 154.75
116 144 158.715
120 144 162.68
124 144 166.645
128 144 170.61
132 144 174.575
136 144 178.54
140 144 182.505
144 144 186.469
148 144 190.431
152 144 194.389
156 144 198.339
160 144 202.274
164 144 206.182
168 144 210.041
172 144 213.823
176 144 217.488
180 144 220.986
184 144 224.262
188 144 227.261
192 144 229.935
196 144 232.255
200 144 234.213
0 148 47.6711
4 148 51.6646
8 148 55.619
12 148 59.5863
16 148 63.5511
20 148 67.5161
24 148 71.4812
28 148 75.4462
32 148 79.4113
36 148 83.3763
40 148 87.3414
44 148 91.3064
48 148 95.2715
52 148 99.2365
56 148 103.202
60 148 107.167
64 148 111.132
68 148 115.097
72 148 119.062
76 148 123.027
80 148 126.992
84 148 130.957
88 148 134.922
92 148 138.887
96 148 142.852
100 148 146.817
104 148 150.782
108 148 154.747
112 148 158.712
116 148 162.677
120 148 166.642
124 148 170.607
128 148 174.572
132 148 178.537
136 148 182.502
140 148 186.467
144 148 190.431
148 148 194.393
152 148 198.351
156 148 202.302
160 148 206.238
164 148 210.146
168 148 214.007
172 148 217.793
176 148 221.463
180 148 224.971
184 148 228.261
188 148 231.279
192 148 233.981
196 148 236.336
200 148 238.337
0 152 51.6157
4 152 55.6218
8 152 59.5733
12 152 63.541
16 152 67.5059
20 152 71.471
24 152 75.4362
28 152 79.4014
32 152 83.3665
36 152 87.3317
40 152 91.2968
44 152 95.262
48 152 99.2271
52 152 103.192
56 152 107.157
60 152 111.123
64 152 115.088
68 152 119.053
72 152 123.018
76 152 126.983
80 152 130.948
84 152 134.913
88 152 138.879
92 152 142.844
96 152 146.809
100 152 150.774
104 152 154.739
108 152 158.704
112 152 162.67
116 152 166.635
120 152 170.6
124 152 174.565
128 152 178.53
132 152 182.495
136 152 186.46
140 152 190.425
144 152 194.389
148 152 198.351
152 152 202.31
156 152 206.261
160 152 210.197
164 152 214.107
168 152 217.97
172 152 221.759
176 152 225.435
180 152 228.952
184 152 232.256
188 152 235.294
192 152 238.022
196 152 240.412
200 152 242.456
0 156 55.5446
4 156 59.5662
8 156 63.5156
12 156 67.4834
16 156 71.4486
20 156 75.414
24 156 79.3794
28 156 83.3448
32 156 87.3101
36 156 91.2755
40 156 95.2409
44 156 99.2063
48 156 103.172
52 156 107.137
56 156 111.103
60 156 115.068
64 156 119.033
68 156 122.999
72 156 126.964
76 156 130.929
80 156 134.895
84 156 138.86
88 156 142.826
92 156 146.791
96 156 150.756
100 156 154.722
104 156 158.687
108 156 162.653
112 156 166.618
116 156 170.583
120 156 174.549
124 156 178.514
128 156 182.48
132 156 186.445
136 156 190.41
140 156 194.375
144 156 198.339
148 156 202.302
152 156 206.261
156 156 210.212
160 156 214.15
164 156 218.06
168 156 221.926
172 156 225.718
176 156 229.401
180 156 232.926
184 156 236.244
188 156 239.302
192 156 242.056
196 156 244.479
200 156 246.562
0 160 59.4453
4 160 63.485
8 160 67.4338
12 160 71.4017
16 160 75.3674
20 160 79.3333
24 160 83.2992
28 160 87.2651
32 160 91.231
36 160 95.1969
40 160 99.1628
44 160 103.129
48 160 107.095
52 160 111.061
56 160 115.026
60 160 118.992
64 160 122.958
68 160 126.924
72 160 130.89
76 160 134.856
80 160 138.822
84 160 142.788
88 160 146.754
92 160 150.72
96 160 154.685
100 160 158.651
104 160 162.617
108 160 166.583
112 160 170.549
116 160 174.515
120 160 178.481
124 160 182.447
128 160 186.413
132 160 190.378
136 160 194.344
140 160 198.31
144 160 202.274
148 160 206.238
152 160 210.197
156 160 214.15
160 160 218.088
164 160 222
168 160 225.868
172 160 229.664
176 160 233.353
180 160 236.888
184 160 240.219
188 160 243.296
192 160 246.075
196 160 248.528
200 160 250.645
0 164 63.2975
4 164 67.3568
8 164 71.3072
12 164 75.2755
16 164 79.2423
20 164 83.2092
24 164 87.1761
28 164 91.1431
32 164 95.11
36 164 99.0769
40 164 103.044
44 164 107.011
48 164 110.978
52 164 114.945
56 164 118.911
60 164 122.878
64 164 126.845
68 164 130.812
72 164 134.779
76 164 138.746
80 164 142.713
84 164 146.68
88 164 150.647
92 164 154.614
96 164 158.581
100 164 162.547
104 164 166.514
108 164 170.481
112 164 174.448
116 164 178.415
120 164 182.382
124 164 186.349
128 164 190.316
132 164 194.283
136 164 198.249
140 164 202.216
144 164 206.182
148 164 210.146
152 164 214.107
156 164 218.06
160 164 222
164 164 225.914
168 164 229.785
172 164 233.585
176 164 237.28
180 164 240.825
184 164 244.17
188 164 247.264
192 164 250.066
196 164 252.544
200 164 254.684
0 168 67.0697
4 168 71.1475
8 168 75.1025
12 168 79.072
16 168 83.0408
20 168 87.0096
24 168 90.9784
28 168 94.9472
32 168 98.916
36 168 102.885
40 168 106.854
44 168 110.822
48 168 114.791
52 168 118.76
56 168 122.729
60 168 126.698
64 168 130.667
68 168 134.635
72 168 138.604
76 168 142.573
80 168 146.542
84 168 150.511
88 168 154.479
92 168 158.448
96 168 162.417
100 168 166.386
104 168 170.355
108 168 174.324
112 168 178.292
116 168 182.261
120 168 186.23
124 168 190.199
128 168 194.168
132 168 198.136
136 168 202.105
140 168 206.073
144 168 210.041
148 168 214.007
152 168 217.97
156 168 221.926
160 168 225.868
164 168 229.785
168 168 233.659
172 168 237.465
176 168 241.167
180 168 244.721
184 168 248.079
188 168 251.189
192 168 254.008
196 168 256.501
200 168 258.648
0 172 70.7156
4 172 74.8069
8 172 78.7701
12 172 82.7423
16 172 86.7144
20 172 90.6867
24 172 94.6589
28 172 98.6311
32 172 102.603
36 172 106.575
40 172 110.548
44 172 114.52
48 172 118.492
52 172 122.464
56 172 126.436
60 172 130.409
64 172 134.381
68 172 138.353
72 172 142.325
76 172 146.297
80 172 150.27
84 172 154.242
88 172 158.214
92 172 162.186
96 172 166.158
100 172 170.131
104 172 174.103
108 172 178.075
112 172 182.047
116 172 186.019
120 172 189.992
124 172 193.964
128 172 197.936
132 172 201.908
136 172 205.88
140 172 209.852
144 172 213.823
148 172 217.793
152 172 221.759
156 172 225.718
160 172 229.664
164 172 233.585
168 172 237.465
172 172 241.277
176 172 244.987
180 172 248.55
184 172 251.919
188 172 255.041
192 172 257.868
196 172 260.36
200 172 262.487
0 176 74.1715
4 176 78.266
8 176 82.2415
12 176 86.2188
16 176 90.1967
20 176 94.1746
24 176 98.1525
28 176 102.13
32 176 106.108
36 176 110.086
40 176 114.064
44 176 118.042
48 176 122.02
52 176 125.998
56 176 129.976
60 176 133.954
64 176 137.932
68 176 141.909
72 176 145.887
76 176 149.865
80 176 153.843
84 176 157.821
88 176 161.799
92 176 165.777
96 176 169.755
100 176 173.733
104 176 177.711
108 176 181.689
112 176 185.666
116 176 189.644
120 176 193.622
124 176 197.6
128 176 201.578
132 176 205.556
136 176 209.534
140 176 213.511
144 176 217.488
148 176 221.463
152 176 225.435
156 176 229.401
160 176 233.353
164 176 237.28
168 176 241.167
172 176 244.987
176 176 248.705
180 176 252.277
184 176 255.654
188 176 258.779
192 176 261.599
196 176 264.066
200 176 266.135
0 180 77.3561
4 180 81.4384
8 180 85.4301
12 180 89.4161
16 180 93.4031
20 180 97.3902
24 180 101.377
28 180 105.364
32 180 109.351
36 180 113.338
40 180 117.325
44 180 121.312
48 180 125.299
52 180 129.286
56 180 133.273
60 180 137.26
64 180 141.247
68 180 145.234
72 180 149.221
76 180 153.209
80 180 157.196
84 180 161.183
88 180 165.17
92 180 169.157
96 180 173.144
100 180 177.131
104 180 181.118
108 180 185.105
112 180 189.092
116 180 193.079
120 180 197.066
124 180 201.053
128 180 205.04
132 180 209.027
136 180 213.014
140 180 217
144 180 220.986
148 180 224.971
152 180 228.952
156 180 232.926
160 180 236.888
164 180 240.825
168 180 244.721
172 180 248.55
176 180 252.277
180 180 255.857
184 180 259.234
188 180 262.348
192 180 265.138
196 180 267.541
200 180 269.5
0 184 80.1741
4 184 84.2245
8 184 88.2365
12 184 92.2361
16 184 96.2369
20 184 100.238
24 184 104.239
28 184 108.239
32 184 112.24
36 184 116.241
40 184 120.242
44 184 124.243
48 184 128.244
52 184 132.245
56 184 136.245
60 184 140.246
64 184 144.247
68 184 148.248
72 184 152.249
76 184 156.25
80 184 160.25
84 184 164.251
88 184 168.252
92 184 172.253
96 184 176.254
100 184 180.255
104 184 184.255
108 184 188.256
112 184 192.257
116 184 196.258
120 184 200.259
124 184 204.26
128 184 208.261
132 184 212.261
136 184 216.262
140 184 220.262
144 184 224.262
148 184 228.261
152 184 232.256
156 184 236.244
160 184 240.219
164 184 244.17
168 184 248.079
172 184 251.919
176 184 255.654
180 184 259.234
184 184 262.599
188 184 265.68
192 184 268.403
196 184 270.691
200 184 272.475
0 188 82.5238
4 188 86.5212
8 188 90.5581
12 188 94.5775
16 188 98.5982
20 188 102.619
24 188 106.64
28 188 110.661
32 188 114.681
36 188 118.702
40 188 122.723
44 188 126.744
48 188 130.764
52 188 134.785
56 188 138.806
60 188 142.827
64 188 146.847
68 188 150.868
72 188 154.889
76 188 158.91
80 188 162.93
84 188 166.951
88 188 170.972
92 188 174.993
96 188 179.013
100 188 183.034
104 188 187.055
108 188 191.076
112 188 195.097
116 188 199.117
120 188 203.138
124 188 207.159
128 188 211.18
132 188 215.2
136 188 219.221
140 188 223.241
144 188 227.261
148 188 231.279
152 188 235.294
156 188 239.302
160 188 243.296
164 188 247.264
168 188 251.189
172 188 255.041
176 188 258.779
180 188 262.348
184 188 265.68
188 188 268.693
192 188 271.299
196 188 273.409
200 188 274.944
0 192 84.3101
4 192 88.2361
8 192 92.3035
12 192 96.35
16 192 100.398
20 192 104.446
24 192 108.494
28 192 112.542
32 192 116.591
36 192 120.639
40 192 124.687
44 192 128.735
48 192 132.783
52 192 136.831
56 192 140.879
60 192 144.927
64 192 148.975
68 192 153.023
72 192 157.071
76 192 161.12
80 192 165.168
84 192 169.216
88 192 173.264
92 192 177.312
96 192 181.36
100 192 185.408
104 192 189.456
108 192 193.504
112 192 197.552
116 192 201.6
120 192 205.649
124 192 209.697
128 192 213.745
132 192 217.793
136 192 221.841
140 192 225.888
144 192 229.935
148 192 233.981
152 192 238.022
156 192 242.056
160 192 246.075
164 192 250.066
168 192 254.008
172 192 257.868
176 192 261.599
180 192 265.138
184 192 268.403
188 192 271.299
192 192 273.725
196 192 275.584
200 192 276.794
0 196 85.4583
4 196 89.3012
8 196 93.4063
12 196 97.4883
16 196 101.572
20 196 105.656
24 196 109.74
28 196 113.824
32 196 117.908
36 196 121.992
40 196 126.076
44 196 130.16
48 196 134.244
52 196 138.328
56 196 142.411
60 196 146.495
64 196 150.579
68 196 154.663
72 196 158.747
76 196 162.831
80 196 166.915
84 196 170.999
88 196 175.083
92 196 179.167
96 196 183.251
100 196 187.334
104 196 191.418
108 196 195.502
112 196 199.586
116 196 203.67
120 196 207.754
124 196 211.838
128 196 215.922
132 196 220.006
136 196 224.089
140 196 228.173
144 196 232.255
148 196 236.336
152 196 240.412
156 196 244.479
160 196 248.528
164 196 252.544
168 196 256.501
172 196 260.36
176 196 264.066
180 196 267.541
184 196 270.691
188 196 273.409
192 196 275.584
196 196 277.117
200 196 277.94
0 200 85.9271
4 200 89.6847
8 200 93.8363
12 200 97.9631
16 200 102.092
20 200 106.221
24 200 110.35
28 200 114.479
32 200 118.608
36 200 122.736
40 200 126.865
44 200 130.994
48 200 135.123
52 200 139.252
56 200 143.381
60 200 147.51
64 200 151.639
68 200 155.767
72 200 159.896
76 200 164.025
80 200 168.154
84 200 172.283
88 200 176.412
92 200 180.541
96 200 184.67
100 200 188.799
104 200 192.927
108 200 197.056
112 200 201.185
116 200 205.314
120 200 209.443
124 200 213.572
128 200 217.701
132 200 221.829
136 200 225.958
140 200 230.086
144 200 234.213
148 200 238.337
152 200 242.456
156 200 246.562
160 200 250.645
164 200 254.684
168 200 258.648
172 200 262.487
176 200 266.135
180 200 269.5
184 200 272.475
188 200 274.944
192 200 276.794
196 200 277.94
200 200 278.342
