0 0 -4.47072e-013
4 0 4.45997e-013
8 0 -1.06453e-012
12 0 -1.42764e-013
16 0 5.86564e-011
20 0 -5.93512e-010
24 0 2.60161e-009
28 0 2.25313e-008
32 0 -4.58421e-007
36 0 -6.12621e-006
40 0 -3.8269e-005
44 0 -0.000162656
48 0 -0.00053428
52 0 -0.00144134
56 0 -0.00325803
60 0 -0.005988
64 0 -0.00765518
68 0 -0.00053092
72 0 0.0350943
76 0 0.137775
80 0 0.368326
84 0 0.805692
88 0 1.53448
92 0 2.62802
96 0 4.13345
100 0 6.06412
104 0 8.40074
108 0 11.0994
112 0 14.1021
116 0 17.3472
120 0 20.7762
124 0 24.338
128 0 27.9897
132 0 31.6959
136 0 35.4269
140 0 39.1562
144 0 42.8583
148 0 46.5073
152 0 50.075
156 0 53.531
160 0 56.8421
164 0 59.9732
168 0 62.8881
172 0 65.5512
176 0 67.9287
180 0 69.9908
184 0 71.7128
188 0 73.0764
192 0 74.0708
196 0 74.6926
200 0 74.9462
0 4 4.45997e-013
4 4 -1.02428e-012
8 4 3.78071e-012
12 4 -2.55083e-011
16 4 6.86653e-011
20 4 6.44369e-010
24 4 -1.04606e-008
28 4 2.50814e-008
32 4 1.41375e-006
36 4 1.20998e-005
40 4 6.09319e-005
44 4 0.000222629
48 4 0.000649169
52 4 0.00162065
56 4 0.00376127
60 4 0.00894806
64 4 0.0229654
68 4 0.0608876
72 4 0.15453
76 4 0.358438
80 4 0.749265
84 4 1.41556
88 4 2.4402
92 4 3.8823
96 4 5.76564
100 4 8.07715
104 4 10.7741
108 4 13.796
112 4 17.0764
116 4 20.5518
120 4 24.1671
124 4 27.8772
128 4 31.6461
132 4 35.4453
136 4 39.2504
140 4 43.0393
144 4 46.7896
148 4 50.4771
152 4 54.0748
156 4 57.5527
160 4 60.8774
164 4 64.0139
168 4 66.9259
172 4 69.578
176 4 71.9372
180 4 73.9748
184 4 75.6675
188 4 76.9988
192 4 77.96
196 4 78.5496
200 4 78.7741
0 8 -1.06453e-012
4 8 3.78071e-012
8 8 -1.03384e-013
12 8 2.33649e-011
16 8 -2.64652e-010
20 8 7.80367e-010
24 8 1.19131e-008
28 8 -1.42115e-007
32 8 -2.16289e-006
36 8 -1.35679e-005
40 8 -5.53328e-005
44 8 -0.000167422
48 8 -0.000392738
52 8 -0.000657326
56 8 -0.000205702
60 8 0.00435252
64 8 0.0238529
68 8 0.084781
72 8 0.238107
76 8 0.56238
80 8 1.15522
84 8 2.11352
88 8 3.51007
92 8 5.37698
96 8 7.70186
100 8 10.4362
104 8 13.5101
108 8 16.8477
112 8 20.3783
116 8 24.0426
120 8 27.7944
124 8 31.5991
128 8 35.4313
132 8 39.2714
136 8 43.1023
140 8 46.9075
144 8 50.6687
148 8 54.3644
152 8 57.9697
156 8 61.4556
160 8 64.79
164 8 67.938
168 8 70.8642
172 8 73.5333
176 8 75.9128
180 8 77.9743
184 8 79.6952
188 8 81.0592
192 8 82.0581
196 8 82.6908
200 8 82.964
0 12 -1.42764e-013
4 12 -2.55083e-011
8 12 2.33649e-011
12 12 2.85187e-011
16 12 1.63033e-010
20 12 -2.24282e-009
24 12 -5.41222e-010
28 12 2.29988e-007
32 12 1.98174e-006
36 12 9.15141e-006
40 12 2.85486e-005
44 12 6.56646e-005
48 12 0.000132135
52 12 0.000428781
56 12 0.00241494
60 12 0.0124825
64 12 0.0501783
68 12 0.159967
72 12 0.419637
76 12 0.93558
80 12 1.82126
84 12 3.16694
88 12 5.01564
92 12 7.35581
96 12 10.1313
100 12 13.2605
104 12 16.6566
108 12 20.2408
112 12 23.9499
116 12 27.7371
120 12 31.5696
124 12 35.4253
128 12 39.2884
132 12 43.1466
136 12 46.9879
140 12 50.7991
144 12 54.5642
148 12 58.2632
152 12 61.8721
156 12 65.3627
160 12 68.7035
164 12 71.8601
168 12 74.7975
172 12 77.4811
176 12 79.8787
180 12 81.9625
184 12 83.71
188 12 85.1056
192 12 86.1411
196 12 86.8158
200 12 87.1362
0 16 5.86564e-011
4 16 6.86653e-011
8 16 -2.64652e-010
12 16 1.63033e-010
16 16 1.69446e-010
20 16 1.64118e-009
24 16 -1.29851e-008
28 16 -2.0063e-007
32 16 -1.06796e-006
36 16 -3.29325e-006
40 16 -6.67829e-006
44 16 -8.55507e-006
48 16 3.4028e-005
52 16 0.000621556
56 16 0.0049309
60 16 0.0257627
64 16 0.0989751
68 16 0.298014
72 16 0.735894
76 16 1.54402
80 16 2.83397
84 16 4.66282
88 16 7.02042
92 16 9.84116
96 16 13.0295
100 16 16.4855
104 16 20.1222
108 16 23.8727
112 16 27.6904
116 16 31.5451
120 16 35.4177
124 16 39.2963
128 16 43.172
132 16 47.037
136 16 50.8821
140 16 54.6958
144 16 58.463
148 16 62.1644
152 16 65.7766
156 16 69.2717
160 16 72.6186
164 16 75.7836
168 16 78.732
172 16 81.4298
176 16 83.8453
180 16 85.9511
184 16 87.7252
188 16 89.1523
192 16 90.2245
196 16 90.9411
200 16 91.309
0 20 -5.93512e-010
4 20 6.44369e-010
8 20 7.80367e-010
12 20 -2.24282e-009
16 20 1.64118e-009
20 20 -3.34004e-010
24 20 1.47267e-008
28 20 9.23445e-008
32 20 2.60583e-007
36 20 2.85069e-007
40 20 -6.10384e-007
44 20 -2.03818e-006
48 20 9.48125e-005
52 20 0.00148705
56 20 0.0112779
60 20 0.0555974
64 20 0.199798
68 20 0.560198
72 20 1.28681
76 20 2.51664
80 20 4.32475
84 20 6.70293
88 20 9.57384
92 20 12.8249
96 20 16.3415
100 20 20.0283
104 20 23.8159
108 20 27.6588
112 20 31.5299
116 20 35.4136
120 20 39.3012
124 20 43.1871
128 20 47.0663
132 20 50.9329
136 20 54.7791
140 20 58.5938
144 20 62.3623
148 20 66.0657
152 20 69.6809
156 20 73.1804
160 20 76.5335
164 20 79.7069
168 20 82.6664
172 20 85.3784
176 20 87.8119
180 20 89.9398
184 20 91.7405
188 20 93.1991
192 20 94.3079
196 20 95.0665
200 20 95.4818
0 24 2.60161e-009
4 24 -1.04606e-008
8 24 1.19131e-008
12 24 -5.41222e-010
16 24 -1.29851e-008
20 24 1.47267e-008
24 24 -1.64683e-008
28 24 -3.30094e-009
32 24 4.15555e-009
36 24 1.82826e-007
40 24 4.11275e-007
44 24 3.75158e-007
48 24 0.000276869
52 24 0.00389288
56 24 0.0273612
60 24 0.124485
64 24 0.410305
68 24 1.05284
72 24 2.21882
76 24 4.00565
80 24 6.40773
84 24 9.33313
88 24 12.6491
92 24 16.2251
96 24 19.9578
100 24 23.7767
104 24 27.6391
108 24 31.5214
112 24 35.4117
116 24 39.3042
120 24 43.1955
124 24 47.0828
128 24 50.9625
132 24 54.8295
136 24 58.6761
140 24 62.4916
144 24 66.2614
148 24 69.9669
152 24 73.5852
156 24 77.0891
160 24 80.4484
164 24 83.6302
168 24 86.6007
172 24 89.3271
176 24 91.7785
180 24 93.9284
184 24 95.7558
188 24 97.2459
192 24 98.3914
196 24 99.192
200 24 99.6547
0 28 2.25313e-008
4 28 2.50814e-008
8 28 -1.42115e-007
12 28 2.29988e-007
16 28 -2.0063e-007
20 28 9.23445e-008
24 28 -3.30094e-009
28 28 -4.02838e-008
32 28 -1.16675e-010
36 28 6.13502e-007
40 28 -4.35767e-006
44 28 6.97083e-006
48 28 0.000865417
52 28 0.0109514
56 28 0.0702863
60 28 0.287312
64 28 0.84576
68 28 1.94558
72 28 3.71119
76 28 6.14016
80 28 9.12302
84 28 12.5038
88 28 16.1355
92 28 19.9081
96 28 23.752
100 28 27.6281
104 28 31.5175
108 28 35.4113
112 28 39.3061
116 28 43.2
120 28 47.0916
124 28 50.9789
128 28 54.8587
132 28 58.7259
136 28 62.573
140 28 66.3893
144 28 70.1605
148 28 73.8681
152 28 77.4894
156 28 80.9978
160 28 84.3633
164 28 87.5535
168 28 90.5351
172 28 93.2757
176 28 95.7451
180 28 97.9171
184 28 99.771
188 28 101.293
192 28 102.475
196 28 103.317
200 28 103.828
0 32 -4.58421e-007
4 32 1.41375e-006
8 32 -2.16289e-006
12 32 1.98174e-006
16 32 -1.06796e-006
20 32 2.60583e-007
24 32 4.15555e-009
28 32 -1.16675e-010
32 32 3.75635e-007
36 32 -4.35777e-006
40 32 9.96446e-006
44 32 4.32712e-005
48 32 0.00280352
52 32 0.0344161
56 32 0.191785
60 32 0.669967
64 32 1.70368
68 32 3.44852
72 32 5.90603
76 32 8.94665
80 32 12.3891
84 32 16.0703
88 32 19.8756
92 32 23.7378
96 32 27.623
100 32 31.5161
104 32 35.4115
108 32 39.3071
112 32 43.2022
116 32 47.096
120 32 50.9876
124 32 54.8749
128 32 58.7549
132 32 62.6224
136 32 66.47
140 32 70.2871
144 32 74.0596
148 32 77.7693
152 32 81.3937
156 32 84.9065
160 32 88.2782
164 32 91.4768
168 32 94.4695
172 32 97.2243
176 32 99.7116
180 32 101.906
184 32 103.786
188 32 105.339
192 32 106.558
196 32 107.443
200 32 108
0 36 -6.12621e-006
4 36 1.20998e-005
8 36 -1.35679e-005
12 36 9.15141e-006
16 36 -3.29325e-006
20 36 2.85069e-007
24 36 1.82826e-007
28 36 6.13502e-007
32 36 -4.35777e-006
36 36 2.85265e-005
40 36 -1.73162e-005
44 36 -0.000436597
48 36 0.0133912
52 36 0.123776
56 36 0.530662
60 36 1.50152
64 36 3.22576
68 36 5.71057
72 36 8.80538
76 36 12.3031
80 36 16.0256
84 36 19.8558
88 36 23.7305
92 36 27.6209
96 36 31.5159
100 36 35.4118
104 36 39.3076
108 36 43.2032
112 36 47.0981
116 36 50.9919
120 36 54.8835
124 36 58.7709
128 36 62.651
132 36 66.5188
136 36 70.3669
140 36 74.1849
144 36 77.9587
148 36 81.6705
152 36 85.298
156 36 88.8153
160 36 92.1931
164 36 95.4001
168 36 98.4039
172 36 101.173
176 36 103.678
180 36 105.894
184 36 107.802
188 36 109.386
192 36 110.642
196 36 111.568
200 36 112.173
0 40 -3.8269e-005
4 40 6.09319e-005
8 40 -5.53328e-005
12 40 2.85486e-005
16 40 -6.67829e-006
20 40 -6.10384e-007
24 40 4.11275e-007
28 40 -4.35767e-006
32 40 9.96446e-006
36 40 -1.73162e-005
40 40 -0.00121562
44 40 0.00390011
48 40 0.0830912
52 40 0.433459
56 40 1.34824
60 40 3.05089
64 40 5.55746
68 40 8.69829
72 40 12.2417
76 40 15.9965
80 40 19.8445
84 40 23.7271
88 40 27.6203
92 40 31.516
96 40 35.412
100 40 39.3078
104 40 43.2035
108 40 47.099
112 40 50.9939
116 40 54.8877
120 40 58.7794
124 40 62.6669
128 40 66.5471
132 40 70.4152
136 40 74.2638
140 40 78.0827
144 40 81.8579
148 40 85.5717
152 40 89.2022
156 40 92.724
160 40 96.108
164 40 99.3234
168 40 102.338
172 40 105.122
176 40 107.645
180 40 109.883
184 40 111.817
188 40 113.433
192 40 114.725
196 40 115.694
200 40 116.346
0 44 -0.000162656
4 44 0.000222629
8 44 -0.000167422
12 44 6.56646e-005
16 44 -8.55507e-006
20 44 -2.03818e-006
24 44 3.75158e-007
28 44 6.97083e-006
32 44 4.32712e-005
36 44 -0.000436597
40 44 0.00390011
44 44 0.069551
48 44 0.383357
52 44 1.25228
56 44 2.93055
60 44 5.44835
64 44 8.62263
68 44 12.2003
72 44 15.9784
76 44 19.8384
80 44 23.7257
84 44 27.6202
88 44 31.5161
92 44 35.4121
96 44 39.3079
100 44 43.2037
104 44 47.0994
108 44 50.9948
112 44 54.8898
116 44 58.7836
120 44 62.6753
124 44 66.5629
128 44 70.4433
132 44 74.3117
136 44 78.1608
140 44 81.9804
144 44 85.757
148 44 89.4729
152 44 93.1065
156 44 96.6327
160 44 100.023
164 44 103.247
168 44 106.273
172 44 109.07
176 44 111.611
180 44 113.872
184 44 115.832
188 44 117.48
192 44 118.809
196 44 119.819
200 44 120.519
0 48 -0.00053428
4 48 0.000649169
8 48 -0.000392738
12 48 0.000132135
16 48 3.4028e-005
20 48 9.48125e-005
24 48 0.000276869
28 48 0.000865417
32 48 0.00280352
36 48 0.0133912
40 48 0.0830912
44 48 0.383357
48 48 1.21957
52 48 2.86927
56 48 5.3833
60 48 8.57486
64 48 12.1743
68 48 15.9677
72 48 19.8351
76 48 23.7251
80 48 27.6203
84 48 31.5162
88 48 35.4121
92 48 39.3079
96 48 43.2037
100 48 47.0995
104 48 50.9952
108 48 54.8907
112 48 58.7856
116 48 62.6795
120 48 66.5712
124 48 70.4588
128 48 74.3394
132 48 78.2081
136 48 82.0577
140 48 85.8782
144 48 89.6561
148 48 93.374
152 48 97.0108
156 48 100.541
160 48 103.938
164 48 107.17
168 48 110.207
172 48 113.019
176 48 115.578
180 48 117.86
184 48 119.847
188 48 121.527
192 48 122.892
196 48 123.945
200 48 124.692
0 52 -0.00144134
4 52 0.00162065
8 52 -0.000657326
12 52 0.000428781
16 52 0.000621556
20 52 0.00148705
24 52 0.00389288
28 52 0.0109514
32 52 0.0344161
36 52 0.123776
40 52 0.433459
44 52 1.25228
48 52 2.86927
52 52 5.36172
56 52 8.55187
60 52 12.1601
64 52 15.9617
68 52 19.8334
72 52 23.7248
76 52 27.6203
80 52 31.5162
84 52 35.4121
88 52 39.3079
92 52 43.2038
96 52 47.0996
100 52 50.9953
104 52 54.891
108 52 58.7865
112 52 62.6814
116 52 66.5753
120 52 70.4671
124 52 74.3548
128 52 78.2356
132 52 82.1045
136 52 85.9546
140 52 89.776
144 52 93.5552
148 52 97.2752
152 52 100.915
156 52 104.45
160 52 107.853
164 52 111.093
168 52 114.141
172 52 116.968
176 52 119.545
180 52 121.849
184 52 123.863
188 52 125.573
192 52 126.975
196 52 128.07
200 52 128.865
0 56 -0.00325803
4 56 0.00376127
8 56 -0.000205702
12 56 0.00241494
16 56 0.0049309
20 56 0.0112779
24 56 0.0273612
28 56 0.0702863
32 56 0.191785
36 56 0.530662
40 56 1.34824
44 56 2.93055
48 56 5.3833
52 56 8.55187
56 56 12.1556
60 56 15.9591
64 56 19.8326
68 56 23.7247
72 56 27.6203
76 56 31.5163
80 56 35.4121
84 56 39.3079
88 56 43.2038
92 56 47.0996
96 56 50.9954
100 56 54.8912
104 56 58.7869
108 56 62.6823
112 56 66.5773
116 56 70.4712
120 56 74.363
124 56 78.2508
128 56 82.1317
132 56 86.0009
136 56 89.8516
140 56 93.6738
144 56 97.4543
148 56 101.176
152 56 104.819
156 56 108.359
160 56 111.768
164 56 115.017
168 56 118.076
172 56 120.916
176 56 123.511
180 56 125.838
184 56 127.878
188 56 129.62
192 56 131.059
196 56 132.196
200 56 133.038
0 60 -0.005988
4 60 0.00894806
8 60 0.00435252
12 60 0.0124825
16 60 0.0257627
20 60 0.0555974
24 60 0.124485
28 60 0.287312
32 60 0.669967
36 60 1.50152
40 60 3.05089
44 60 5.44835
48 60 8.57486
52 60 12.1601
56 60 15.9591
60 60 19.8324
64 60 23.7247
68 60 27.6204
72 60 31.5163
76 60 35.4121
80 60 39.3079
84 60 43.2038
88 60 47.0996
92 60 50.9954
96 60 54.8912
100 60 58.787
104 60 62.6827
108 60 66.5782
112 60 70.4731
116 60 74.367
120 60 78.2589
124 60 82.1468
128 60 86.0279
132 60 89.8974
136 60 93.7485
140 60 97.5715
144 60 101.353
148 60 105.078
152 60 108.724
156 60 112.268
160 60 115.683
164 60 118.94
168 60 122.01
172 60 124.865
176 60 127.478
180 60 129.826
184 60 131.893
188 60 133.667
192 60 135.142
196 60 136.321
200 60 137.21
0 64 -0.00765518
4 64 0.0229654
8 64 0.0238529
12 64 0.0501783
16 64 0.0989751
20 64 0.199798
24 64 0.410305
28 64 0.84576
32 64 1.70368
36 64 3.22576
40 64 5.55746
44 64 8.62263
48 64 12.1743
52 64 15.9617
56 64 19.8326
60 64 23.7247
64 64 27.6204
68 64 31.5163
72 64 35.4121
76 64 39.3079
80 64 43.2038
84 64 47.0996
88 64 50.9954
92 64 54.8912
96 64 58.787
100 64 62.6828
104 64 66.5785
108 64 70.474
112 64 74.369
116 64 78.2629
120 64 82.1548
124 64 86.0428
128 64 89.924
132 64 93.7938
136 64 97.6454
140 64 101.469
144 64 105.253
148 64 108.979
152 64 112.628
156 64 116.176
160 64 119.597
164 64 122.863
168 64 125.945
172 64 128.813
176 64 131.444
180 64 133.815
184 64 135.908
188 64 137.714
192 64 139.226
196 64 140.446
200 64 141.383
0 68 -0.00053092
4 68 0.0608876
8 68 0.084781
12 68 0.159967
16 68 0.298014
20 68 0.560198
24 68 1.05284
28 68 1.94558
32 68 3.44852
36 68 5.71057
40 68 8.69829
44 68 12.2003
48 68 15.9677
52 68 19.8334
56 68 23.7247
60 68 27.6204
64 68 31.5163
68 68 35.4121
72 68 39.3079
76 68 43.2038
80 68 47.0996
84 68 50.9954
88 68 54.8912
92 68 58.7871
96 68 62.6829
100 68 66.5787
104 68 70.4743
108 68 74.3698
112 68 78.2648
116 68 82.1588
120 68 86.0507
124 68 89.9388
128 68 93.8201
132 68 97.6902
136 68 101.542
140 68 105.367
144 68 109.152
148 68 112.88
152 68 116.532
156 68 120.085
160 68 123.512
164 68 126.786
168 68 129.879
172 68 132.762
176 68 135.411
180 68 137.804
184 68 139.924
188 68 141.76
192 68 143.309
196 68 144.572
200 68 145.556
0 72 0.0350943
4 72 0.15453
8 72 0.238107
12 72 0.419637
16 72 0.735894
20 72 1.28681
24 72 2.21882
28 72 3.71119
32 72 5.90603
36 72 8.80538
40 72 12.2417
44 72 15.9784
48 72 19.8351
52 72 23.7248
56 72 27.6203
60 72 31.5163
64 72 35.4121
68 72 39.3079
72 72 43.2038
76 72 47.0996
80 72 50.9954
84 72 54.8912
88 72 58.7871
92 72 62.6829
96 72 66.5787
100 72 70.4745
104 72 74.3702
108 72 78.2657
112 72 82.1606
116 72 86.0546
120 72 89.9466
124 72 93.8347
128 72 97.7163
132 72 101.587
136 72 105.439
140 72 109.265
144 72 113.051
148 72 116.781
152 72 120.436
156 72 123.994
160 72 127.427
164 72 130.71
168 72 133.813
172 72 136.711
176 72 139.377
180 72 141.792
184 72 143.939
188 72 145.807
192 72 147.393
196 72 148.697
200 72 149.729
0 76 0.137775
4 76 0.358438
8 76 0.56238
12 76 0.93558
16 76 1.54402
20 76 2.51664
24 76 4.00565
28 76 6.14016
32 76 8.94665
36 76 12.3031
40 76 15.9965
44 76 19.8384
48 76 23.7251
52 76 27.6203
56 76 31.5163
60 76 35.4121
64 76 39.3079
68 76 43.2038
72 76 47.0996
76 76 50.9954
80 76 54.8912
84 76 58.7871
88 76 62.6829
92 76 66.5787
96 76 70.4745
100 76 74.3703
104 76 78.266
108 76 82.1615
112 76 86.0565
116 76 89.9505
120 76 93.8425
124 76 97.7307
128 76 101.612
132 76 105.483
136 76 109.336
140 76 113.163
144 76 116.95
148 76 120.682
152 76 124.341
156 76 127.902
160 76 131.342
164 76 134.633
168 76 137.748
172 76 140.659
176 76 143.344
180 76 145.781
184 76 147.954
188 76 149.854
192 76 151.476
196 76 152.823
200 76 153.902
0 80 0.368326
4 80 0.749265
8 80 1.15522
12 80 1.82126
16 80 2.83397
20 80 4.32475
24 80 6.40773
28 80 9.12302
32 80 12.3891
36 80 16.0256
40 80 19.8445
44 80 23.7257
48 80 27.6203
52 80 31.5162
56 80 35.4121
60 80 39.3079
64 80 43.2038
68 80 47.0996
72 80 50.9954
76 80 54.8912
80 80 58.7871
84 80 62.6829
88 80 66.5787
92 80 70.4745
96 80 74.3704
100 80 78.2661
104 80 82.1618
108 80 86.0573
112 80 89.9523
116 80 93.8463
120 80 97.7384
124 80 101.627
128 80 105.509
132 80 109.38
136 80 113.233
140 80 117.06
144 80 120.849
148 80 124.584
152 80 128.245
156 80 131.811
160 80 135.257
164 80 138.556
168 80 141.682
172 80 144.608
176 80 147.311
180 80 149.77
184 80 151.97
188 80 153.901
192 80 155.56
196 80 156.948
200 80 158.075
0 84 0.805692
4 84 1.41556
8 84 2.11352
12 84 3.16694
16 84 4.66282
20 84 6.70293
24 84 9.33313
28 84 12.5038
32 84 16.0703
36 84 19.8558
40 84 23.7271
44 84 27.6202
48 84 31.5162
52 84 35.4121
56 84 39.3079
60 84 43.2038
64 84 47.0996
68 84 50.9954
72 84 54.8912
76 84 58.7871
80 84 62.6829
84 84 66.5787
88 84 70.4745
92 84 74.3704
96 84 78.2662
100 84 82.162
104 84 86.0577
108 84 89.9531
112 84 93.8482
116 84 97.7422
120 84 101.634
124 84 105.523
128 84 109.405
132 84 113.276
136 84 117.13
140 84 120.958
144 84 124.748
148 84 128.485
152 84 132.149
156 84 135.72
160 84 139.172
164 84 142.48
168 84 145.616
172 84 148.557
176 84 151.277
180 84 153.758
184 84 155.985
188 84 157.948
192 84 159.643
196 84 161.074
200 84 162.248
0 88 1.53448
4 88 2.4402
8 88 3.51007
12 88 5.01564
16 88 7.02042
20 88 9.57384
24 88 12.6491
28 88 16.1355
32 88 19.8756
36 88 23.7305
40 88 27.6203
44 88 31.5161
48 88 35.4121
52 88 39.3079
56 88 43.2038
60 88 47.0996
64 88 50.9954
68 88 54.8912
72 88 58.7871
76 88 62.6829
80 88 66.5787
84 88 70.4745
88 88 74.3704
92 88 78.2662
96 88 82.162
100 88 86.0578
104 88 89.9535
108 88 93.849
112 88 97.744
116 88 101.638
120 88 105.53
124 88 109.419
128 88 113.301
132 88 117.172
136 88 121.027
140 88 124.856
144 88 128.647
148 88 132.386
152 88 136.054
156 88 139.628
160 88 143.087
164 88 146.403
168 88 149.551
172 88 152.505
176 88 155.244
180 88 157.747
184 88 160
188 88 161.994
192 88 163.726
196 88 165.199
200 88 166.42
0 92 2.62802
4 92 3.8823
8 92 5.37698
12 92 7.35581
16 92 9.84116
20 92 12.8249
24 92 16.2251
28 92 19.9081
32 92 23.7378
36 92 27.6209
40 92 31.516
44 92 35.4121
48 92 39.3079
52 92 43.2038
56 92 47.0996
60 92 50.9954
64 92 54.8912
68 92 58.7871
72 92 62.6829
76 92 66.5787
80 92 70.4745
84 92 74.3704
88 92 78.2662
92 92 82.162
96 92 86.0578
100 92 89.9536
104 92 93.8493
108 92 97.7448
112 92 101.64
116 92 105.534
120 92 109.426
124 92 113.315
128 92 117.197
132 92 121.069
136 92 124.924
140 92 128.754
144 92 132.546
148 92 136.287
152 92 139.958
156 92 143.537
160 92 147.002
164 92 150.326
168 92 153.485
172 92 156.454
176 92 159.21
180 92 161.735
184 92 164.015
188 92 166.041
192 92 167.81
196 92 169.325
200 92 170.593
0 96 4.13345
4 96 5.76564
8 96 7.70186
12 96 10.1313
16 96 13.0295
20 96 16.3415
24 96 19.9578
28 96 23.752
32 96 27.623
36 96 31.5159
40 96 35.412
44 96 39.3079
48 96 43.2037
52 96 47.0996
56 96 50.9954
60 96 54.8912
64 96 58.787
68 96 62.6829
72 96 66.5787
76 96 70.4745
80 96 74.3704
84 96 78.2662
88 96 82.162
92 96 86.0578
96 96 89.9536
100 96 93.8494
104 96 97.7451
108 96 101.641
112 96 105.536
116 96 109.43
120 96 113.322
124 96 117.211
128 96 121.093
132 96 124.965
136 96 128.821
140 96 132.651
144 96 136.445
148 96 140.188
152 96 143.862
156 96 147.446
160 96 150.917
164 96 154.249
168 96 157.42
172 96 160.403
176 96 163.177
180 96 165.724
184 96 168.031
188 96 170.088
192 96 171.893
196 96 173.45
200 96 174.766
0 100 6.06412
4 100 8.07715
8 100 10.4362
12 100 13.2605
16 100 16.4855
20 100 20.0283
24 100 23.7767
28 100 27.6281
32 100 31.5161
36 100 35.4118
40 100 39.3078
44 100 43.2037
48 100 47.0995
52 100 50.9953
56 100 54.8912
60 100 58.787
64 100 62.6828
68 100 66.5787
72 100 70.4745
76 100 74.3703
80 100 78.2661
84 100 82.162
88 100 86.0578
92 100 89.9536
96 100 93.8494
100 100 97.7452
104 100 101.641
108 100 105.536
112 100 109.431
116 100 113.326
120 100 117.218
124 100 121.107
128 100 124.989
132 100 128.862
136 100 132.718
140 100 136.549
144 100 140.345
148 100 144.089
152 100 147.766
156 100 151.355
160 100 154.831
164 100 158.173
168 100 161.354
172 100 164.351
176 100 167.143
180 100 169.713
184 100 172.046
188 100 174.135
192 100 175.977
196 100 177.575
200 100 178.939
0 104 8.40074
4 104 10.7741
8 104 13.5101
12 104 16.6566
16 104 20.1222
20 104 23.8159
24 104 27.6391
28 104 31.5175
32 104 35.4115
36 104 39.3076
40 104 43.2035
44 104 47.0994
48 104 50.9952
52 104 54.891
56 104 58.7869
60 104 62.6827
64 104 66.5785
68 104 70.4743
72 104 74.3702
76 104 78.266
80 104 82.1618
84 104 86.0577
88 104 89.9535
92 104 93.8493
96 104 97.7451
100 104 101.641
104 104 105.537
108 104 109.432
112 104 113.327
116 104 117.221
120 104 121.114
124 104 125.002
128 104 128.885
132 104 132.758
136 104 136.615
140 104 140.447
144 104 144.244
148 104 147.991
152 104 151.67
156 104 155.263
160 104 158.746
164 104 162.096
168 104 165.288
172 104 168.3
176 104 171.11
180 104 173.701
184 104 176.061
188 104 178.181
192 104 180.06
196 104 181.701
200 104 183.112
0 108 11.0994
4 108 13.796
8 108 16.8477
12 108 20.2408
16 108 23.8727
20 108 27.6588
24 108 31.5214
28 108 35.4113
32 108 39.3071
36 108 43.2032
40 108 47.099
44 108 50.9948
48 108 54.8907
52 108 58.7865
56 108 62.6823
60 108 66.5782
64 108 70.474
68 108 74.3698
72 108 78.2657
76 108 82.1615
80 108 86.0573
84 108 89.9531
88 108 93.849
92 108 97.7448
96 108 101.641
100 108 105.536
104 108 109.432
108 108 113.328
112 108 117.223
116 108 121.117
120 108 125.009
124 108 128.898
128 108 132.781
132 108 136.654
136 108 140.511
140 108 144.344
144 108 148.142
148 108 151.891
152 108 155.574
156 108 159.172
160 108 162.661
164 108 166.019
168 108 169.222
172 108 172.248
176 108 175.076
180 108 177.69
184 108 180.076
188 108 182.228
192 108 184.143
196 108 185.826
200 108 187.284
0 112 14.1021
4 112 17.0764
8 112 20.3783
12 112 23.9499
16 112 27.6904
20 112 31.5299
24 112 35.4117
28 112 39.3061
32 112 43.2022
36 112 47.0981
40 112 50.9939
44 112 54.8898
48 112 58.7856
52 112 62.6814
56 112 66.5773
60 112 70.4731
64 112 74.369
68 112 78.2648
72 112 82.1606
76 112 86.0565
80 112 89.9523
84 112 93.8482
88 112 97.744
92 112 101.64
96 112 105.536
100 112 109.431
104 112 113.327
108 112 117.223
112 112 121.118
116 112 125.012
120 112 128.904
124 112 132.793
128 112 136.676
132 112 140.55
136 112 144.407
140 112 148.241
144 112 152.041
148 112 155.792
152 112 159.478
156 112 163.08
160 112 166.575
164 112 169.942
168 112 173.156
172 112 176.196
176 112 179.042
180 112 181.678
184 112 184.091
188 112 186.274
192 112 188.226
196 112 189.95
200 112 191.456
0 116 17.3472
4 116 20.5518
8 116 24.0426
12 116 27.7371
16 116 31.5451
20 116 35.4136
24 116 39.3042
28 116 43.2
32 116 47.096
36 116 50.9919
40 116 54.8877
44 116 58.7836
48 116 62.6795
52 116 66.5753
56 116 70.4712
60 116 74.367
64 116 78.2629
68 116 82.1588
72 116 86.0546
76 116 89.9505
80 116 93.8463
84 116 97.7422
88 116 101.638
92 116 105.534
96 116 109.43
100 116 113.326
104 116 117.221
108 116 121.117
112 116 125.012
116 116 128.906
120 116 132.799
124 116 136.688
128 116 140.571
132 116 144.445
136 116 148.303
140 116 152.138
144 116 155.938
148 116 159.692
152 116 163.381
156 116 166.987
160 116 170.489
164 116 173.863
168 116 177.089
172 116 180.143
176 116 183.007
180 116 185.665
184 116 188.104
188 116 190.319
192 116 192.308
196 116 194.074
200 116 195.626
0 120 20.7762
4 120 24.1671
8 120 27.7944
12 120 31.5696
16 120 35.4177
20 120 39.3012
24 120 43.1955
28 120 47.0916
32 120 50.9876
36 120 54.8835
40 120 58.7794
44 120 62.6753
48 120 66.5712
52 120 70.4671
56 120 74.363
60 120 78.2589
64 120 82.1548
68 120 86.0507
72 120 89.9466
76 120 93.8425
80 120 97.7384
84 120 101.634
88 120 105.53
92 120 109.426
96 120 113.322
100 120 117.218
104 120 121.114
108 120 125.009
112 120 128.904
116 120 132.799
120 120 136.691
124 120 140.58
128 120 144.464
132 120 148.338
136 120 152.197
140 120 156.032
144 120 159.834
148 120 163.59
152 120 167.282
156 120 170.893
160 120 174.4
164 120 177.784
168 120 181.02
172 120 184.089
176 120 186.971
180 120 189.651
184 120 192.117
188 120 194.363
192 120 196.388
196 120 198.195
200 120 199.794
0 124 24.338
4 124 27.8772
8 124 31.5991
12 124 35.4253
16 124 39.2963
20 124 43.1871
24 124 47.0828
28 124 50.9789
32 124 54.8749
36 124 58.7709
40 124 62.6669
44 124 66.5629
48 124 70.4588
52 124 74.3548
56 124 78.2508
60 124 82.1468
64 124 86.0428
68 124 89.9388
72 124 93.8347
76 124 97.7307
80 124 101.627
84 124 105.523
88 124 109.419
92 124 113.315
96 124 117.211
100 124 121.107
104 124 125.002
108 124 128.898
112 124 132.793
116 124 136.688
120 124 140.58
124 124 144.47
128 124 148.354
132 124 152.228
136 124 156.087
140 124 159.924
144 124 163.727
148 124 167.485
152 124 171.18
156 124 174.795
160 124 178.31
164 124 181.701
168 124 184.949
172 124 188.032
176 124 190.932
180 124 193.634
184 124 196.126
188 124 198.403
192 124 200.464
196 124 202.313
200 124 203.957
0 128 27.9897
4 128 31.6461
8 128 35.4313
12 128 39.2884
16 128 43.172
20 128 47.0663
24 128 50.9625
28 128 54.8587
32 128 58.7549
36 128 62.651
40 128 66.5471
44 128 70.4433
48 128 74.3394
52 128 78.2356
56 128 82.1317
60 128 86.0279
64 128 89.924
68 128 93.8201
72 128 97.7163
76 128 101.612
80 128 105.509
84 128 109.405
88 128 113.301
92 128 117.197
96 128 121.093
100 128 124.989
104 128 128.885
108 128 132.781
112 128 136.676
116 128 140.571
120 128 144.464
124 128 148.354
128 128 152.238
132 128 156.112
136 128 159.972
140 128 163.81
144 128 167.615
148 128 171.375
152 128 175.073
156 128 178.693
160 128 182.214
164 128 185.614
168 128 188.873
172 128 191.97
176 128 194.888
180 128 197.612
184 128 200.131
188 128 202.439
192 128 204.535
196 128 206.423
200 128 208.112
0 132 31.6959
4 132 35.4453
8 132 39.2714
12 132 43.1466
16 132 47.037
20 132 50.9329
24 132 54.8295
28 132 58.7259
32 132 62.6224
36 132 66.5188
40 132 70.4152
44 132 74.3117
48 132 78.2081
52 132 82.1045
56 132 86.0009
60 132 89.8974
64 132 93.7938
68 132 97.6902
72 132 101.587
76 132 105.483
80 132 109.38
84 132 113.276
88 132 117.172
92 132 121.069
96 132 124.965
100 132 128.862
104 132 132.758
108 132 136.654
112 132 140.55
116 132 144.445
120 132 148.338
124 132 152.228
128 132 156.112
132 132 159.988
136 132 163.848
140 132 167.687
144 132 171.494
148 132 175.256
152 132 178.958
156 132 182.582
160 132 186.109
164 132 189.518
168 132 192.789
172 132 195.9
176 132 198.836
180 132 201.582
184 132 204.126
188 132 206.465
192 132 208.596
196 132 210.522
200 132 212.252
0 136 35.4269
4 136 39.2504
8 136 43.1023
12 136 46.9879
16 136 50.8821
20 136 54.7791
24 136 58.6761
28 136 62.573
32 136 66.47
36 136 70.3669
40 136 74.2638
44 136 78.1608
48 136 82.0577
52 136 85.9546
56 136 89.8516
60 136 93.7485
64 136 97.6454
68 136 101.542
72 136 105.439
76 136 109.336
80 136 113.233
84 136 117.13
88 136 121.027
92 136 124.924
96 136 128.821
100 136 132.718
104 136 136.615
108 136 140.511
112 136 144.407
116 136 148.303
120 136 152.197
124 136 156.087
128 136 159.972
132 136 163.848
136 136 167.71
140 136 171.55
144 136 175.359
148 136 179.124
152 136 182.829
156 136 186.458
160 136 189.992
164 136 193.41
168 136 196.692
172 136 199.818
176 136 202.771
180 136 205.539
184 136 208.109
188 136 210.477
192 136 212.641
196 136 214.603
200 136 216.371
0 140 39.1562
4 140 43.0393
8 140 46.9075
12 140 50.7991
16 140 54.6958
20 140 58.5938
24 140 62.4916
28 140 66.3893
32 140 70.2871
36 140 74.1849
40 140 78.0827
44 140 81.9804
48 140 85.8782
52 140 89.776
56 140 93.6738
60 140 97.5715
64 140 101.469
68 140 105.367
72 140 109.265
76 140 113.163
80 140 117.06
84 140 120.958
88 140 124.856
92 140 128.754
96 140 132.651
100 140 136.549
104 140 140.447
108 140 144.344
112 140 148.241
116 140 152.138
120 140 156.032
124 140 159.924
128 140 163.81
132 140 167.687
136 140 171.55
140 140 175.392
144 140 179.203
148 140 182.97
152 140 186.68
156 140 190.314
160 140 193.855
164 140 197.282
168 140 200.575
172 140 203.716
176 140 206.687
180 140 209.476
184 140 212.071
188 140 214.467
192 140 216.661
196 140 218.656
200 140 220.456
0 144 42.8583
4 144 46.7896
8 144 50.6687
12 144 54.5642
16 144 58.463
20 144 62.3623
24 144 66.2614
28 144 70.1605
32 144 74.0596
36 144 77.9587
40 144 81.8579
44 144 85.757
48 144 89.6561
52 144 93.5552
56 144 97.4543
60 144 101.353
64 144 105.253
68 144 109.152
72 144 113.051
76 144 116.95
80 144 120.849
84 144 124.748
88 144 128.647
92 144 132.546
96 144 136.445
100 144 140.345
104 144 144.244
108 144 148.142
112 144 152.041
116 144 155.938
120 144 159.834
124 144 163.727
128 144 167.615
132 144 171.494
136 144 175.359
140 144 179.203
144 144 183.016
148 144 186.787
152 144 190.501
156 144 194.141
160 144 197.689
164 144 201.126
168 144 204.431
172 144 207.586
176 144 210.575
180 144 213.384
184 144 216.003
188 144 218.424
192 144 220.645
196 144 222.667
200 144 224.493
0 148 46.5073
4 148 50.4771
8 148 54.3644
12 148 58.2632
16 148 62.1644
20 148 66.0657
24 148 69.9669
28 148 73.8681
32 148 77.7693
36 148 81.6705
40 148 85.5717
44 148 89.4729
48 148 93.374
52 148 97.2752
56 148 101.176
60 148 105.078
64 148 108.979
68 148 112.88
72 148 116.781
76 148 120.682
80 148 124.584
84 148 128.485
88 148 132.386
92 148 136.287
96 148 140.188
100 148 144.089
104 148 147.991
108 148 151.891
112 148 155.792
116 148 159.692
120 148 163.59
124 148 167.485
128 148 171.375
132 148 175.256
136 148 179.124
140 148 182.97
144 148 186.787
148 148 190.562
152 148 194.281
156 148 197.928
160 148 201.484
164 148 204.93
168 148 208.247
172 148 211.417
176 148 214.423
180 148 217.252
184 148 219.891
188 148 222.335
192 148 224.578
196 148 226.62
200 148 228.462
0 152 50.075
4 152 54.0748
8 152 57.9697
12 152 61.8721
16 152 65.7766
20 152 69.6809
24 152 73.5852
28 152 77.4894
32 152 81.3937
36 152 85.298
40 152 89.2022
44 152 93.1065
48 152 97.0108
52 152 100.915
56 152 104.819
60 152 108.724
64 152 112.628
68 152 116.532
72 152 120.436
76 152 124.341
80 152 128.245
84 152 132.149
88 152 136.054
92 152 139.958
96 152 143.862
100 152 147.766
104 152 151.67
108 152 155.574
112 152 159.478
116 152 163.381
120 152 167.282
124 152 171.18
128 152 175.073
132 152 178.958
136 152 182.829
140 152 186.68
144 152 190.501
148 152 194.281
152 152 198.006
156 152 201.66
160 152 205.225
164 152 208.681
168 152 212.011
172 152 215.195
176 152 218.218
180 152 221.064
184 152 223.721
188 152 226.183
192 152 228.441
196 152 230.494
200 152 232.339
0 156 53.531
4 156 57.5527
8 156 61.4556
12 156 65.3627
16 156 69.2717
20 156 73.1804
24 156 77.0891
28 156 80.9978
32 156 84.9065
36 156 88.8153
40 156 92.724
44 156 96.6327
48 156 100.541
52 156 104.45
56 156 108.359
60 156 112.268
64 156 116.176
68 156 120.085
72 156 123.994
76 156 127.902
80 156 131.811
84 156 135.72
88 156 139.628
92 156 143.537
96 156 147.446
100 156 151.355
104 156 155.263
108 156 159.172
112 156 163.08
116 156 166.987
120 156 170.893
124 156 174.795
128 156 178.693
132 156 182.582
136 156 186.458
140 156 190.314
144 156 194.141
148 156 197.928
152 156 201.66
156 156 205.322
160 156 208.896
164 156 212.364
168 156 215.706
172 156 218.904
176 156 221.941
180 156 224.802
184 156 227.474
188 156 229.946
192 156 232.21
196 156 234.261
200 156 236.094
0 160 56.8421
4 160 60.8774
8 160 64.79
12 160 68.7035
16 160 72.6186
20 160 76.5335
24 160 80.4484
28 160 84.3633
32 160 88.2782
36 160 92.1931
40 160 96.108
44 160 100.023
48 160 103.938
52 160 107.853
56 160 111.768
60 160 115.683
64 160 119.597
68 160 123.512
72 160 127.427
76 160 131.342
80 160 135.257
84 160 139.172
88 160 143.087
92 160 147.002
96 160 150.917
100 160 154.831
104 160 158.746
108 160 162.661
112 160 166.575
116 160 170.489
120 160 174.4
124 160 178.31
128 160 182.214
132 160 186.109
136 160 189.992
140 160 193.855
144 160 197.689
148 160 201.484
152 160 205.225
156 160 208.896
160 160 212.481
164 160 215.96
168 160 219.315
172 160 222.526
176 160 225.575
180 160 228.447
184 160 231.126
188 160 233.6
192 160 235.858
196 160 237.892
200 160 239.695
0 164 59.9732
4 164 64.0139
8 164 67.938
12 164 71.8601
16 164 75.7836
20 164 79.7069
24 164 83.6302
28 164 87.5535
32 164 91.4768
36 164 95.4001
40 164 99.3234
44 164 103.247
48 164 107.17
52 164 111.093
56 164 115.017
60 164 118.94
64 164 122.863
68 164 126.786
72 164 130.71
76 164 134.633
80 164 138.556
84 164 142.48
88 164 146.403
92 164 150.326
96 164 154.249
100 164 158.173
104 164 162.096
108 164 166.019
112 164 169.942
116 164 173.863
120 164 177.784
124 164 181.701
128 164 185.614
132 164 189.518
136 164 193.41
140 164 197.282
144 164 201.126
148 164 204.93
152 164 208.681
156 164 212.364
160 164 215.96
164 164 219.452
168 164 222.818
172 164 226.04
176 164 229.098
180 164 231.974
184 164 234.652
188 164 237.117
192 164 239.355
196 164 241.354
200 164 243.105
0 168 62.8881
4 168 66.9259
8 168 70.8642
12 168 74.7975
16 168 78.732
20 168 82.6664
24 168 86.6007
28 168 90.5351
32 168 94.4695
36 168 98.4039
40 168 102.338
44 168 106.273
48 168 110.207
52 168 114.141
56 168 118.076
60 168 122.01
64 168 125.945
68 168 129.879
72 168 133.813
76 168 137.748
80 168 141.682
84 168 145.616
88 168 149.551
92 168 153.485
96 168 157.42
100 168 161.354
104 168 165.288
108 168 169.222
112 168 173.156
116 168 177.089
120 168 181.02
124 168 184.949
128 168 188.873
132 168 192.789
136 168 196.692
140 168 200.575
144 168 204.431
148 168 208.247
152 168 212.011
156 168 215.706
160 168 219.315
164 168 222.818
168 168 226.195
172 168 229.424
176 168 232.486
180 168 235.359
184 168 238.025
188 168 240.466
192 168 242.665
196 168 244.609
200 168 246.284
0 172 65.5512
4 172 69.578
8 172 73.5333
12 172 77.4811
16 172 81.4298
20 172 85.3784
24 172 89.3271
28 172 93.2757
32 172 97.2243
36 172 101.173
40 172 105.122
44 172 109.07
48 172 113.019
52 172 116.968
56 172 120.916
60 172 124.865
64 172 128.813
68 172 132.762
72 172 136.711
76 172 140.659
80 172 144.608
84 172 148.557
88 172 152.505
92 172 156.454
96 172 160.403
100 172 164.351
104 172 168.3
108 172 172.248
112 172 176.196
116 172 180.143
120 172 184.089
124 172 188.032
128 172 191.97
132 172 195.9
136 172 199.818
140 172 203.716
144 172 207.586
148 172 211.417
152 172 215.195
156 172 218.904
160 172 222.526
164 172 226.04
168 172 229.424
172 172 232.656
176 172 235.714
180 172 238.574
184 172 241.214
188 172 243.614
192 172 245.755
196 172 247.619
200 172 249.192
0 176 67.9287
4 176 71.9372
8 176 75.9128
12 176 79.8787
16 176 83.8453
20 176 87.8119
24 176 91.7785
28 176 95.7451
32 176 99.7116
36 176 103.678
40 176 107.645
44 176 111.611
48 176 115.578
52 176 119.545
56 176 123.511
60 176 127.478
64 176 131.444
68 176 135.411
72 176 139.377
76 176 143.344
80 176 147.311
84 176 151.277
88 176 155.244
92 176 159.21
96 176 163.177
100 176 167.143
104 176 171.11
108 176 175.076
112 176 179.042
116 176 183.007
120 176 186.971
124 176 190.932
128 176 194.888
132 176 198.836
136 176 202.771
140 176 206.687
144 176 210.575
148 176 214.423
152 176 218.218
156 176 221.941
160 176 225.575
164 176 229.098
168 176 232.486
172 176 235.714
176 176 238.757
180 176 241.59
184 176 244.188
188 176 246.528
192 176 248.587
196 176 250.346
200 176 251.791
0 180 69.9908
4 180 73.9748
8 180 77.9743
12 180 81.9625
16 180 85.9511
20 180 89.9398
24 180 93.9284
28 180 97.9171
32 180 101.906
36 180 105.894
40 180 109.883
44 180 113.872
48 180 117.86
52 180 121.849
56 180 125.838
60 180 129.826
64 180 133.815
68 180 137.804
72 180 141.792
76 180 145.781
80 180 149.77
84 180 153.758
88 180 157.747
92 180 161.735
96 180 165.724
100 180 169.713
104 180 173.701
108 180 177.69
112 180 181.678
116 180 185.665
120 180 189.651
124 180 193.634
128 180 197.612
132 180 201.582
136 180 205.539
140 180 209.476
144 180 213.384
148 180 217.252
152 180 221.064
156 180 224.802
160 180 228.447
164 180 231.974
168 180 235.359
172 180 238.574
176 180 241.59
180 180 244.38
184 180 246.917
188 180 249.173
192 180 251.126
196 180 252.755
200 180 254.045
0 184 71.7128
4 184 75.6675
8 184 79.6952
12 184 83.71
16 184 87.7252
20 184 91.7405
24 184 95.7558
28 184 99.771
32 184 103.786
36 184 107.802
40 184 111.817
44 184 115.832
48 184 119.847
52 184 123.863
56 184 127.878
60 184 131.893
64 184 135.908
68 184 139.924
72 184 143.939
76 184 147.954
80 184 151.97
84 184 155.985
88 184 160
92 184 164.015
96 184 168.031
100 184 172.046
104 184 176.061
108 184 180.076
112 184 184.091
116 184 188.104
120 184 192.117
124 184 196.126
128 184 200.131
132 184 204.126
136 184 208.109
140 184 212.071
144 184 216.003
148 184 219.891
152 184 223.721
156 184 227.474
160 184 231.126
164 184 234.652
168 184 238.025
172 184 241.214
176 184 244.188
180 184 246.917
184 184 249.369
188 184 251.518
192 184 253.339
196 184 254.812
200 184 255.922
0 188 73.0764
4 188 76.9988
8 188 81.0592
12 188 85.1056
16 188 89.1523
20 188 93.1991
24 188 97.2459
28 188 101.293
32 188 105.339
36 188 109.386
40 188 113.433
44 188 117.48
48 188 121.527
52 188 125.573
56 188 129.62
60 188 133.667
64 188 137.714
68 188 141.76
72 188 145.807
76 188 149.854
80 188 153.901
84 188 157.948
88 188 161.994
92 188 166.041
96 188 170.088
100 188 174.135
104 188 178.181
108 188 182.228
112 188 186.274
116 188 190.319
120 188 194.363
124 188 198.403
128 188 202.439
132 188 206.465
136 188 210.477
140 188 214.467
144 188 218.424
148 188 222.335
152 188 226.183
156 188 229.946
160 188 233.6
164 188 237.117
168 188 240.466
172 188 243.614
176 188 246.528
180 188 249.173
184 188 251.518
188 188 253.534
192 188 255.198
196 188 256.49
200 188 257.398
0 192 74.0708
4 192 77.96
8 192 82.0581
12 192 86.1411
16 192 90.2245
20 192 94.3079
24 192 98.3914
28 192 102.475
32 192 106.558
36 192 110.642
40 192 114.725
44 192 118.809
48 192 122.892
52 192 126.975
56 192 131.059
60 192 135.142
64 192 139.226
68 192 143.309
72 192 147.393
76 192 151.476
80 192 155.56
84 192 159.643
88 192 163.726
92 192 167.81
96 192 171.893
100 192 175.977
104 192 180.06
108 192 184.143
112 192 188.226
116 192 192.308
120 192 196.388
124 192 200.464
128 192 204.535
132 192 208.596
136 192 212.641
140 192 216.661
144 192 220.645
148 192 224.578
152 192 228.441
156 192 232.21
160 192 235.858
164 192 239.355
168 192 242.665
172 192 245.755
176 192 248.587
180 192 251.126
184 192 253.339
188 192 255.198
192 192 256.68
196 192 257.769
200 192 258.457
0 196 74.6926
4 196 78.5496
8 196 82.6908
12 196 86.8158
16 196 90.9411
20 196 95.0665
24 196 99.192
28 196 103.317
32 196 107.443
36 196 111.568
40 196 115.694
44 196 119.819
48 196 123.945
52 196 128.07
56 196 132.196
60 196 136.321
64 196 140.446
68 196 144.572
72 196 148.697
76 196 152.823
80 196 156.948
84 196 161.074
88 196 165.199
92 196 169.325
96 196 173.45
100 196 177.575
104 196 181.701
108 196 185.826
112 196 189.95
116 196 194.074
120 196 198.195
124 196 202.313
128 196 206.423
132 196 210.522
136 196 214.603
140 196 218.656
144 196 222.667
148 196 226.62
152 196 230.494
156 196 234.261
160 196 237.892
164 196 241.354
168 196 244.609
172 196 247.619
176 196 250.346
180 196 252.755
184 196 254.812
188 196 256.49
192 196 257.769
196 196 258.638
200 196 259.093
0 200 74.9462
4 200 78.7741
8 200 82.964
12 200 87.1362
16 200 91.309
20 200 95.4818
24 200 99.6547
28 200 103.828
32 200 108
36 200 112.173
40 200 116.346
44 200 120.519
48 200 124.692
52 200 128.865
56 200 133.038
60 200 137.21
64 200 141.383
68 200 145.556
72 200 149.729
76 200 153.902
80 200 158.075
84 200 162.248
88 200 166.42
92 200 170.593
96 200 174.766
100 200 178.939
104 200 183.112
108 200 187.284
112 200 191.456
116 200 195.626
120 200 199.794
124 200 203.957
128 200 208.112
132 200 212.252
136 200 216.371
140 200 220.456
144 200 224.493
148 200 228.462
152 200 232.339
156 200 236.094
160 200 239.695
164 200 243.105
168 200 246.284
172 200 249.192
176 200 251.791
180 200 254.045
184 200 255.922
188 200 257.398
192 200 258.457
196 200 259.093
200 200 259.313
