0 0 -1.23653e-009
4 0 1.22873e-009
8 0 -3.89816e-009
12 0 1.8439e-009
16 0 2.66824e-007
20 0 -3.18572e-006
24 0 -3.78126e-005
28 0 -0.00018482
32 0 -0.000596313
36 0 -0.00145684
40 0 -0.00278661
44 0 -0.00388166
48 0 -0.00216493
52 0 0.00857464
56 0 0.0401867
60 0 0.111702
64 0 0.249676
68 0 0.48694
72 0 0.859874
76 0 1.40478
80 0 2.15415
84 0 3.1335
88 0 4.35929
92 0 5.83803
96 0 7.56642
100 0 9.53236
104 0 11.7164
108 0 14.0936
112 0 16.6347
116 0 19.3081
120 0 22.0808
124 0 24.9196
128 0 27.7915
132 0 30.6647
136 0 33.5087
140 0 36.2949
144 0 38.9968
148 0 41.5902
152 0 44.0531
156 0 46.3664
160 0 48.5135
164 0 50.4804
168 0 52.256
172 0 53.8318
176 0 55.202
180 0 56.3631
184 0 57.3141
188 0 58.0561
192 0 58.5922
196 0 58.9271
200 0 59.0672
0 4 1.22873e-009
4 4 -2.33154e-009
8 4 1.0288e-008
12 4 -7.8326e-008
16 4 5.15823e-008
20 4 8.48276e-006
24 4 5.87677e-005
28 4 0.000226426
32 4 0.000635424
36 4 0.00150414
40 4 0.00340624
44 4 0.00804031
48 4 0.0197346
52 4 0.0475593
56 4 0.107438
60 4 0.223376
64 4 0.427071
68 4 0.755724
72 4 1.24843
76 4 1.94201
80 4 2.86711
84 4 4.04537
88 4 5.48788
92 4 7.19494
96 4 9.15694
100 4 11.3558
104 4 13.767
108 4 16.3613
112 4 19.1063
116 4 21.9682
120 4 24.9128
124 4 27.9061
128 4 30.9152
132 4 33.9087
136 4 36.8569
140 4 39.7322
144 4 42.5092
148 4 45.1648
152 4 47.6785
156 4 50.0323
160 4 52.211
164 4 54.2019
168 4 55.9951
172 4 57.5832
176 4 58.9615
180 4 60.1275
184 4 61.0812
188 4 61.8244
192 4 62.361
196 4 62.6965
200 4 62.8376
0 8 -3.89816e-009
4 8 1.0288e-008
8 8 2.14817e-010
12 8 7.6073e-008
16 8 -6.99745e-007
20 8 -8.84444e-006
24 8 -4.0929e-005
28 8 -0.00012087
32 8 -0.000258992
36 8 -0.000343258
40 8 0.000289266
44 8 0.00397193
48 8 0.0167389
52 8 0.0509558
56 8 0.127631
60 8 0.27727
64 8 0.538519
68 8 0.954647
72 8 1.56868
76 8 2.41838
80 8 3.53211
84 8 4.92639
88 8 6.60514
92 8 8.56048
96 8 10.7745
100 8 13.2217
104 8 15.8713
108 8 18.6891
112 8 21.6398
116 8 24.6877
120 8 27.7981
124 8 30.9375
128 8 34.0742
132 8 37.1784
136 8 40.2222
140 8 43.18
144 8 46.0285
148 8 48.7465
152 8 51.3153
156 8 53.7186
160 8 55.9424
164 8 57.9756
168 8 59.8092
172 8 61.437
176 8 62.8549
180 8 64.0612
184 8 65.0564
188 8 65.8428
192 8 66.4247
196 8 66.8077
200 8 66.9988
0 12 1.8439e-009
4 12 -7.8326e-008
8 12 7.6073e-008
12 12 5.3419e-009
16 12 7.13136e-007
20 12 4.07069e-006
24 12 1.07558e-005
28 12 1.58382e-005
32 12 1.77086e-005
36 12 0.000159394
40 12 0.00134548
44 12 0.00682554
48 12 0.0249334
52 12 0.072375
56 12 0.176687
60 12 0.376403
64 12 0.718225
68 12 1.2517
72 12 2.02281
76 12 3.06813
80 12 4.41086
84 12 6.05921
88 12 8.00703
92 12 10.236
96 12 12.7186
100 12 15.4213
104 12 18.3075
108 12 21.3393
112 12 24.4794
116 12 27.6923
120 12 30.944
124 12 34.203
128 12 37.44
132 12 40.6278
136 12 43.7413
140 12 46.7574
144 12 49.6552
148 12 52.4155
152 12 55.0216
156 12 57.4587
160 12 59.7143
164 12 61.7783
168 12 63.6428
172 12 65.3022
176 12 66.7531
180 12 67.9943
184 12 69.0266
188 12 69.8527
192 12 70.477
196 12 70.9052
200 12 71.1446
0 16 2.66824e-007
4 16 5.15823e-008
8 16 -6.99745e-007
12 16 7.13136e-007
16 16 -5.30427e-007
20 16 -2.91527e-007
24 16 1.47651e-006
28 16 4.93159e-006
32 16 2.24618e-005
36 16 0.000282557
40 16 0.00212732
44 16 0.0102587
48 16 0.0364301
52 16 0.103483
56 16 0.247696
60 16 0.517616
64 16 0.968964
68 16 1.65689
72 16 2.62787
76 16 3.91352
80 16 5.52753
84 16 7.4658
88 16 9.7091
92 16 12.2271
96 16 14.9823
100 16 17.9344
104 16 21.0423
108 16 24.2668
112 16 27.5709
116 16 30.9208
120 16 34.2854
124 16 37.6364
128 16 40.9479
132 16 44.1959
136 16 47.3582
140 16 50.4145
144 16 53.346
148 16 56.1357
152 16 58.7684
156 16 61.2305
160 16 63.5109
164 16 65.6001
168 16 67.4911
172 16 69.1787
176 16 70.66
180 16 71.9342
184 16 73.0023
188 16 73.8672
192 16 74.5333
196 16 75.0067
200 16 75.2943
0 20 -3.18572e-006
4 20 8.48276e-006
8 20 -8.84444e-006
12 20 4.07069e-006
16 20 -2.91527e-007
20 20 -6.01724e-007
24 20 -4.6641e-007
28 20 -1.73045e-006
32 20 1.64211e-005
36 20 0.00041428
40 20 0.00324743
44 20 0.0155136
48 20 0.054146
52 20 0.150831
56 20 0.353648
60 20 0.72341
64 20 1.32504
68 20 2.21678
72 20 3.44077
76 20 5.01765
80 20 6.94584
84 20 9.20468
88 20 11.7597
92 20 14.5684
96 20 17.5853
100 20 20.7654
104 20 24.0668
108 20 27.4515
112 20 30.8857
116 20 34.3394
120 20 37.7859
124 20 41.2008
128 20 44.5621
132 20 47.8491
136 20 51.0426
140 20 54.1245
144 20 57.078
148 20 59.8876
152 20 62.5394
156 20 65.0208
160 20 67.3214
164 20 69.4325
168 20 71.3472
172 20 73.0611
176 20 74.5714
180 20 75.8775
184 20 76.9806
188 20 77.8837
192 20 78.5914
196 20 79.1095
200 20 79.4454
0 24 -3.78126e-005
4 24 5.87677e-005
8 24 -4.0929e-005
12 24 1.07558e-005
16 24 1.47651e-006
20 24 -4.6641e-007
24 24 -3.38105e-008
28 24 -2.92547e-006
32 24 2.48105e-005
36 24 0.000669121
40 24 0.00517485
44 24 0.0242653
48 24 0.0829912
52 24 0.226122
56 24 0.517595
60 24 1.03212
64 24 1.84143
68 24 3.00055
72 24 4.53879
76 24 6.45761
80 24 8.73425
84 24 11.3289
88 24 14.1923
92 24 17.2728
96 24 20.5208
100 24 23.8914
104 24 27.3456
108 24 30.8502
112 24 34.3766
116 24 37.9001
120 24 41.3989
124 24 44.853
128 24 48.2438
132 24 51.5535
136 24 54.7653
140 24 57.8628
144 24 60.8306
148 24 63.6544
152 24 66.321
156 24 68.8186
160 24 71.1372
164 24 73.2684
168 24 75.2058
172 24 76.9451
176 24 78.4838
180 24 79.8215
184 24 80.9593
188 24 81.9005
192 24 82.6495
196 24 83.2124
200 24 83.5964
0 28 -0.00018482
4 28 0.000226426
8 28 -0.00012087
12 28 1.58382e-005
16 28 4.93159e-006
20 28 -1.73045e-006
24 28 -2.92547e-006
28 28 -9.44602e-006
32 28 3.22406e-005
36 28 0.00109202
40 28 0.00855146
44 28 0.0397709
48 28 0.133355
52 28 0.353493
56 28 0.78361
60 28 1.51008
64 28 2.60301
68 28 4.10225
72 28 6.01289
76 28 8.30946
80 28 10.9454
84 28 13.8636
88 28 17.0052
92 28 20.3153
96 28 23.7464
100 28 27.2587
104 28 30.8198
108 28 34.4032
112 28 37.9867
116 28 41.5512
120 28 45.0792
124 28 48.5544
128 28 51.9608
132 28 55.283
136 28 58.5054
140 28 61.6131
144 28 64.5914
148 28 67.4267
152 28 70.1062
156 28 72.6187
160 28 74.9543
164 28 77.1051
168 28 79.0649
172 28 80.8294
176 28 82.3964
180 28 83.7654
184 28 84.938
188 28 85.9171
192 28 86.7075
196 28 87.3152
200 28 87.7474
0 32 -0.000596313
4 32 0.000635424
8 32 -0.000258992
12 32 1.77086e-005
16 32 2.24618e-005
20 32 1.64211e-005
24 32 2.48105e-005
28 32 3.22406e-005
32 32 0.000118127
36 32 0.00216284
40 32 0.0163625
44 32 0.073121
48 32 0.23333
52 32 0.586527
56 32 1.23349
60 32 2.26104
64 32 3.7214
68 32 5.62416
72 32 7.94095
76 32 10.6176
80 32 13.5881
84 32 16.7859
88 32 20.1508
92 32 23.6328
96 32 27.1917
100 32 30.7964
104 32 34.4226
108 32 38.051
112 32 41.6652
116 32 45.2505
120 32 48.7928
124 32 52.2784
128 32 55.693
132 32 59.0224
136 32 62.252
140 32 65.3674
144 32 68.3546
148 32 71.2003
152 32 73.8922
156 32 76.4192
160 32 78.7717
164 32 80.9419
168 32 82.924
172 32 84.7137
176 32 86.3089
180 32 87.7094
184 32 88.9166
188 32 89.9338
192 32 90.7656
196 32 91.4181
200 32 91.8984
0 36 -0.00145684
4 36 0.00150414
8 36 -0.000343258
12 36 0.000159394
16 36 0.000282557
20 36 0.00041428
24 36 0.000669121
28 36 0.00109202
32 36 0.00216284
36 36 0.00902936
40 36 0.0435213
44 36 0.1597
48 36 0.448874
52 36 1.02392
56 36 1.98875
60 36 3.40975
64 36 5.30258
68 36 7.6365
72 36 10.3496
76 36 13.3668
80 36 16.6135
84 36 20.0245
88 36 23.5474
92 36 27.1422
96 36 30.779
100 36 34.4362
104 36 38.097
108 36 41.7477
112 36 45.3763
116 36 48.9711
120 36 52.5202
124 36 56.011
128 36 59.4304
132 36 62.7648
136 36 66.0002
140 36 69.1227
144 36 72.1184
148 36 74.9743
152 36 77.6783
156 36 80.2197
160 36 82.5891
164 36 84.7788
168 36 86.783
172 36 88.5979
176 36 90.2214
180 36 91.6533
184 36 92.8953
188 36 93.9505
192 36 94.8236
196 36 95.5209
200 36 96.0494
0 40 -0.00278661
4 40 0.00340624
8 40 0.000289266
12 40 0.00134548
16 40 0.00212732
20 40 0.00324743
24 40 0.00517485
28 40 0.00855146
32 40 0.0163625
36 40 0.0435213
40 40 0.134855
44 40 0.377885
48 40 0.892758
52 40 1.79907
56 40 3.17889
60 40 5.05633
64 40 7.40011
68 40 10.1416
72 40 13.1966
76 40 16.4831
80 40 19.9309
84 40 23.4854
88 40 27.1066
92 40 30.7664
96 40 34.4451
100 40 38.1284
104 40 41.8052
108 40 45.4658
112 40 49.1006
116 40 52.6996
120 40 56.252
124 40 59.7461
128 40 63.1692
132 40 66.508
136 40 69.7489
140 40 72.8781
144 40 75.8822
148 40 78.7482
152 40 81.4645
156 40 84.0202
160 40 86.4064
164 40 88.6156
168 40 90.6421
172 40 92.4822
176 40 94.1339
180 40 95.5973
184 40 96.8739
188 40 97.9671
192 40 98.8817
196 40 99.6237
200 40 100.2
0 44 -0.00388166
4 44 0.00804031
8 44 0.00397193
12 44 0.00682554
16 44 0.0102587
20 44 0.0155136
24 44 0.0242653
28 44 0.0397709
32 44 0.073121
36 44 0.1597
40 44 0.377885
44 44 0.848072
48 44 1.70169
52 44 3.03716
56 44 4.89032
60 44 7.2326
64 44 9.99063
68 44 13.0724
72 44 16.3884
76 44 19.8637
80 44 23.4414
84 44 27.0815
88 44 30.7571
92 44 34.4502
96 44 38.1488
100 44 41.8437
104 44 45.5273
108 44 49.1919
112 44 52.8294
116 44 56.4306
120 44 59.9852
124 44 63.4819
128 44 66.9083
132 44 70.2513
136 44 73.4976
140 44 76.6335
144 44 79.6459
148 44 82.5222
152 44 85.2506
156 44 87.8208
160 44 90.2238
164 44 92.4524
168 44 94.5012
172 44 96.3665
176 44 98.0465
180 44 99.5412
184 44 100.853
188 44 101.984
192 44 102.94
196 44 103.727
200 44 104.351
0 48 -0.00216493
4 48 0.0197346
8 48 0.0167389
12 48 0.0249334
16 48 0.0364301
20 48 0.054146
24 48 0.0829912
28 48 0.133355
32 48 0.23333
36 48 0.448874
40 48 0.892758
44 48 1.70169
48 48 2.9894
52 48 4.80689
56 48 7.13297
60 48 9.89293
64 48 12.9885
68 48 16.3233
72 48 19.8173
76 48 23.4111
80 48 27.0642
84 48 30.7502
88 48 34.4527
92 48 38.1612
96 48 41.8683
100 48 45.5679
104 48 49.2542
108 48 52.9206
112 48 56.5595
116 48 60.1622
120 48 63.7187
124 48 67.2178
128 48 70.6474
132 48 73.9946
136 48 77.2463
140 48 80.389
144 48 83.4097
148 48 86.2961
152 48 89.0367
156 48 91.6213
160 48 94.0412
164 48 96.2893
168 48 98.3603
172 48 100.251
176 48 101.959
180 48 103.485
184 48 104.831
188 48 106
192 48 106.998
196 48 107.829
200 48 108.502
0 52 0.00857464
4 52 0.0475593
8 52 0.0509558
12 52 0.072375
16 52 0.103483
20 52 0.150831
24 52 0.226122
28 52 0.353493
32 52 0.586527
36 52 1.02392
40 52 1.79907
44 52 3.03716
48 52 4.80689
52 52 7.09994
56 52 9.84505
60 52 12.9402
64 52 16.2827
68 52 19.7872
72 52 23.3911
76 52 27.0524
80 52 30.7451
84 52 34.4536
88 52 38.1683
92 52 41.8833
96 52 45.5938
100 52 49.2953
104 52 52.9827
108 52 56.65
112 52 60.2899
116 52 63.8939
120 52 67.4522
124 52 70.9537
128 52 74.3865
132 52 77.738
136 52 80.995
140 52 84.1444
144 52 87.1735
148 52 90.0701
152 52 92.8228
156 52 95.4218
160 52 97.8585
164 52 100.126
168 52 102.219
172 52 104.135
176 52 105.871
180 52 107.429
184 52 108.81
188 52 110.017
192 52 111.056
196 52 111.932
200 52 112.653
0 56 0.0401867
4 56 0.107438
8 56 0.127631
12 56 0.176687
16 56 0.247696
20 56 0.353648
24 56 0.517595
28 56 0.78361
32 56 1.23349
36 56 1.98875
40 56 3.17889
44 56 4.89032
48 56 7.13297
52 56 9.84505
56 56 12.9245
60 56 16.2633
64 56 19.7704
68 56 23.3789
72 56 27.0449
76 56 30.7415
80 56 34.4535
84 56 38.1721
88 56 41.892
92 56 45.6095
96 56 49.3214
100 56 53.0236
104 56 56.7116
108 56 60.3796
112 56 64.0204
116 56 67.6257
120 56 71.1857
124 56 74.6897
128 56 78.1257
132 56 81.4813
136 56 84.7437
140 56 87.8999
144 56 90.9373
148 56 93.844
152 56 96.6089
156 56 99.2223
160 56 101.676
164 56 103.963
168 56 106.078
172 56 108.019
176 56 109.784
180 56 111.373
184 56 112.788
188 56 114.034
192 56 115.114
196 56 116.035
200 56 116.804
0 60 0.111702
4 60 0.223376
8 60 0.27727
12 60 0.376403
16 60 0.517616
20 60 0.72341
24 60 1.03212
28 60 1.51008
32 60 2.26104
36 60 3.40975
40 60 5.05633
44 60 7.2326
48 60 9.89293
52 60 12.9402
56 60 16.2633
60 60 19.765
64 60 23.3731
68 60 27.0407
72 60 30.7393
76 60 34.4532
80 60 38.1739
84 60 41.8967
88 60 45.6187
92 60 49.3372
96 60 53.0496
100 60 56.7522
104 60 60.4407
108 60 64.1093
112 60 67.751
116 60 71.3575
120 60 74.9193
124 60 78.4256
128 60 81.8648
132 60 85.2246
136 60 88.4924
140 60 91.6553
144 60 94.7011
148 60 97.6179
152 60 100.395
156 60 103.023
160 60 105.493
164 60 107.8
168 60 109.937
172 60 111.904
176 60 113.697
180 60 115.317
184 60 116.767
188 60 118.05
192 60 119.172
196 60 120.138
200 60 120.955
0 64 0.249676
4 64 0.427071
8 64 0.538519
12 64 0.718225
16 64 0.968964
20 64 1.32504
24 64 1.84143
28 64 2.60301
32 64 3.7214
36 64 5.30258
40 64 7.40011
44 64 9.99063
48 64 12.9885
52 64 16.2827
56 64 19.7704
60 64 23.3731
64 64 27.0393
68 64 30.7382
72 64 34.4529
76 64 38.1747
80 64 41.8991
84 64 45.6237
88 64 49.3464
92 64 53.0653
96 64 56.778
100 64 60.4809
104 64 64.1697
108 64 67.8389
112 64 71.4815
116 64 75.0892
120 64 78.6528
124 64 82.1615
128 64 85.6039
132 64 88.9679
136 64 92.241
140 64 95.4107
144 64 98.4649
148 64 101.392
152 64 104.181
156 64 106.823
160 64 109.311
164 64 111.637
168 64 113.797
172 64 115.788
176 64 117.609
180 64 119.261
184 64 120.746
188 64 122.067
192 64 123.23
196 64 124.241
200 64 125.106
0 68 0.48694
4 68 0.755724
8 68 0.954647
12 68 1.2517
16 68 1.65689
20 68 2.21678
24 68 3.00055
28 68 4.10225
32 68 5.62416
36 68 7.6365
40 68 10.1416
44 68 13.0724
48 68 16.3233
52 68 19.7872
56 68 23.3789
60 68 27.0407
64 68 30.7382
68 68 34.4527
72 68 38.175
76 68 41.9002
80 68 45.6262
84 68 49.3514
88 68 53.0744
92 68 56.7936
96 68 60.5063
100 68 64.2095
104 68 67.8988
108 68 71.5685
112 68 75.2119
116 68 78.8209
120 68 82.3862
124 68 85.8973
128 68 89.343
132 68 92.7112
136 68 95.9897
140 68 99.1661
144 68 102.229
148 68 105.166
152 68 107.967
156 68 110.624
160 68 113.128
164 68 115.473
168 68 117.656
172 68 119.672
176 68 121.521
180 68 123.205
184 68 124.724
188 68 126.084
192 68 127.288
196 68 128.343
200 68 129.257
0 72 0.859874
4 72 1.24843
8 72 1.56868
12 72 2.02281
16 72 2.62787
20 72 3.44077
24 72 4.53879
28 72 6.01289
32 72 7.94095
36 72 10.3496
40 72 13.1966
44 72 16.3884
48 72 19.8173
52 72 23.3911
56 72 27.0449
60 72 30.7393
64 72 34.4529
68 72 38.175
72 72 41.9005
76 72 45.6272
80 72 49.3538
84 72 53.0793
88 72 56.8024
92 72 60.5217
96 72 64.2346
100 72 67.938
104 72 71.6276
108 72 75.2979
112 72 78.9422
116 72 82.5525
120 72 86.1195
124 72 89.6331
128 72 93.0819
132 72 96.4543
136 72 99.7381
140 72 102.921
144 72 105.992
148 72 108.939
152 72 111.753
156 72 114.424
160 72 116.945
164 72 119.31
168 72 121.514
172 72 123.556
176 72 125.434
180 72 127.149
184 72 128.703
188 72 130.1
192 72 131.346
196 72 132.446
200 72 133.408
0 76 1.40478
4 76 1.94201
8 76 2.41838
12 76 3.06813
16 76 3.91352
20 76 5.01765
24 76 6.45761
28 76 8.30946
32 76 10.6176
36 76 13.3668
40 76 16.4831
44 76 19.8637
48 76 23.4111
52 76 27.0524
56 76 30.7415
60 76 34.4532
64 76 38.1747
68 76 41.9002
72 76 45.6272
76 76 49.3545
80 76 53.0813
84 76 56.8069
88 76 60.5301
92 76 64.2495
96 76 67.9625
100 76 71.6662
104 76 75.3562
108 76 79.0271
112 76 82.6722
116 76 86.2838
120 76 89.8525
124 76 93.3685
128 76 96.8205
132 76 100.197
136 76 103.486
140 76 106.676
144 76 109.755
148 76 112.713
152 76 115.539
156 76 118.224
160 76 120.762
164 76 123.146
168 76 125.373
172 76 127.44
176 76 129.346
180 76 131.092
184 76 132.681
188 76 134.116
192 76 135.403
196 76 136.548
200 76 137.558
0 80 2.15415
4 80 2.86711
8 80 3.53211
12 80 4.41086
16 80 5.52753
20 80 6.94584
24 80 8.73425
28 80 10.9454
32 80 13.5881
36 80 16.6135
40 80 19.9309
44 80 23.4414
48 80 27.0642
52 80 30.7451
56 80 34.4535
60 80 38.1739
64 80 41.8991
68 80 45.6262
72 80 49.3538
76 80 53.0813
80 80 56.8082
84 80 60.5339
88 80 64.2572
92 80 67.9766
96 80 71.6898
100 80 75.3937
104 80 79.0841
108 80 82.7556
112 80 86.4016
116 80 90.0144
120 80 93.5849
124 80 97.1032
128 80 100.559
132 80 103.939
136 80 107.234
140 80 110.431
144 80 113.518
148 80 116.486
152 80 119.324
156 80 122.024
160 80 124.578
164 80 126.982
168 80 129.231
172 80 131.323
176 80 133.257
180 80 135.035
184 80 136.658
188 80 138.132
192 80 139.46
196 80 140.649
200 80 141.707
0 84 3.1335
4 84 4.04537
8 84 4.92639
12 84 6.05921
16 84 7.4658
20 84 9.20468
24 84 11.3289
28 84 13.8636
32 84 16.7859
36 84 20.0245
40 84 23.4854
44 84 27.0815
48 84 30.7502
52 84 34.4536
56 84 38.1721
60 84 41.8967
64 84 45.6237
68 84 49.3514
72 84 53.0793
76 84 56.8069
80 84 60.5339
84 84 64.2595
88 84 67.9829
92 84 71.7024
96 84 75.4158
100 84 79.12
104 84 82.8107
108 84 86.4828
112 84 90.1297
116 84 93.7438
120 84 97.3161
124 84 100.837
128 84 104.295
132 84 107.68
136 84 110.98
140 84 114.184
144 84 117.28
148 84 120.257
152 84 123.108
156 84 125.822
160 84 128.393
164 84 130.817
168 84 133.088
172 84 135.205
176 84 137.168
180 84 138.976
184 84 140.635
188 84 142.146
192 84 143.515
196 84 144.749
200 84 145.854
0 88 4.35929
4 88 5.48788
8 88 6.60514
12 88 8.00703
16 88 9.7091
20 88 11.7597
24 88 14.1923
28 88 17.0052
32 88 20.1508
36 88 23.5474
40 88 27.1066
44 88 30.7571
48 88 34.4527
52 88 38.1683
56 88 41.892
60 88 45.6187
64 88 49.3464
68 88 53.0744
72 88 56.8024
76 88 60.5301
80 88 64.2572
84 88 67.9829
88 88 71.7064
92 88 75.426
96 88 79.1396
100 88 82.844
104 88 86.5352
108 88 90.2079
112 88 93.8557
116 88 97.471
120 88 101.045
124 88 104.568
128 88 108.03
132 88 111.419
136 88 114.725
140 88 117.935
144 88 121.039
148 88 124.027
152 88 126.89
156 88 129.618
160 88 132.207
164 88 134.649
168 88 136.943
172 88 139.085
176 88 141.076
180 88 142.916
184 88 144.609
188 88 146.157
192 88 147.568
196 88 148.846
200 88 149.998
0 92 5.83803
4 92 7.19494
8 92 8.56048
12 92 10.236
16 92 12.2271
20 92 14.5684
24 92 17.2728
28 92 20.3153
32 92 23.6328
36 92 27.1422
40 92 30.7664
44 92 34.4502
48 92 38.1612
52 92 41.8833
56 92 45.6095
60 92 49.3372
64 92 53.0653
68 92 56.7936
72 92 60.5217
76 92 64.2495
80 92 67.9766
84 92 71.7024
88 92 75.426
92 92 79.1458
96 92 82.8596
100 92 86.5643
104 92 90.2559
108 92 93.9293
112 92 97.578
116 92 101.195
120 92 104.771
124 92 108.296
128 92 111.761
132 92 115.155
136 92 118.466
140 92 121.683
144 92 124.795
148 92 127.794
152 92 130.668
156 92 133.412
160 92 136.017
164 92 138.479
168 92 140.795
172 92 142.962
176 92 144.981
180 92 146.852
184 92 148.579
188 92 150.165
192 92 151.616
196 92 152.937
200 92 154.136
0 96 7.56642
4 96 9.15694
8 96 10.7745
12 96 12.7186
16 96 14.9823
20 96 17.5853
24 96 20.5208
28 96 23.7464
32 96 27.1917
36 96 30.779
40 96 34.4451
44 96 38.1488
48 96 41.8683
52 96 45.5938
56 96 49.3214
60 96 53.0496
64 96 56.778
68 96 60.5063
72 96 64.2346
76 96 67.9625
80 96 71.6898
84 96 75.4158
88 96 79.1396
92 96 82.8596
96 96 86.5736
100 96 90.2787
104 96 93.9709
108 96 97.6449
112 96 101.295
116 96 104.913
120 96 108.491
124 96 112.019
128 96 115.487
132 96 118.885
136 96 122.201
140 96 125.425
144 96 128.546
148 96 131.555
152 96 134.442
156 96 137.2
160 96 139.822
164 96 142.303
168 96 144.641
172 96 146.834
176 96 148.881
180 96 150.783
184 96 152.544
188 96 154.167
192 96 155.658
196 96 157.022
200 96 158.266
0 100 9.53236
4 100 11.3558
8 100 13.2217
12 100 15.4213
16 100 17.9344
20 100 20.7654
24 100 23.8914
28 100 27.2587
32 100 30.7964
36 100 34.4362
40 100 38.1284
44 100 41.8437
48 100 45.5679
52 100 49.2953
56 100 53.0236
60 100 56.7522
64 100 60.4809
68 100 64.2095
72 100 67.938
76 100 71.6662
80 100 75.3937
84 100 79.12
88 100 82.844
92 100 86.5643
96 100 90.2787
100 100 93.9843
104 100 97.677
108 100 101.352
112 100 105.003
116 100 108.622
120 100 112.202
124 100 115.733
128 100 119.205
132 100 122.607
136 100 125.929
140 100 129.16
144 100 132.29
148 100 135.308
152 100 138.208
156 100 140.98
160 100 143.619
164 100 146.12
168 100 148.48
172 100 150.698
176 100 152.772
180 100 154.706
184 100 156.5
188 100 158.16
192 100 159.689
196 100 161.095
200 100 162.383
0 104 11.7164
4 104 13.767
8 104 15.8713
12 104 18.3075
16 104 21.0423
20 104 24.0668
24 104 27.3456
28 104 30.8198
32 104 34.4226
36 104 38.097
40 104 41.8052
44 104 45.5273
48 104 49.2542
52 104 52.9827
56 104 56.7116
60 104 60.4407
64 104 64.1697
68 104 67.8988
72 104 71.6276
76 104 75.3562
80 104 79.0841
84 104 82.8107
88 104 86.5352
92 104 90.2559
96 104 93.9709
100 104 97.677
104 104 101.371
108 104 105.046
112 104 108.698
116 104 112.32
120 104 115.902
124 104 119.435
128 104 122.911
132 104 126.317
136 104 129.645
140 104 132.883
144 104 136.021
148 104 139.051
152 104 141.962
156 104 144.749
160 104 147.405
164 104 149.926
168 104 152.308
172 104 154.551
176 104 156.653
180 104 158.616
184 104 160.444
188 104 162.139
192 104 163.706
196 104 165.152
200 104 166.482
0 108 14.0936
4 108 16.3613
8 108 18.6891
12 108 21.3393
16 108 24.2668
20 108 27.4515
24 108 30.8502
28 108 34.4032
32 108 38.051
36 108 41.7477
40 108 45.4658
44 108 49.1919
48 108 52.9206
52 108 56.65
56 108 60.3796
60 108 64.1093
64 108 67.8389
68 108 71.5685
72 108 75.2979
76 108 79.0271
80 108 82.7556
84 108 86.4828
88 108 90.2079
92 108 93.9293
96 108 97.6449
100 108 101.352
104 108 105.046
108 108 108.723
112 108 112.377
116 108 116
120 108 119.584
124 108 123.121
128 108 126.6
132 108 130.011
136 108 133.345
140 108 136.59
144 108 139.738
148 108 142.778
152 108 145.702
156 108 148.504
160 108 151.177
164 108 153.717
168 108 156.121
172 108 158.388
176 108 160.517
180 108 162.51
184 108 164.37
188 108 166.099
192 108 167.703
196 108 169.187
200 108 170.556
0 112 16.6347
4 112 19.1063
8 112 21.6398
12 112 24.4794
16 112 27.5709
20 112 30.8857
24 112 34.3766
28 112 37.9867
32 112 41.6652
36 112 45.3763
40 112 49.1006
44 112 52.8294
48 112 56.5595
52 112 60.2899
56 112 64.0204
60 112 67.751
64 112 71.4815
68 112 75.2119
72 112 78.9422
76 112 82.6722
80 112 86.4016
84 112 90.1297
88 112 93.8557
92 112 97.578
96 112 101.295
100 112 105.003
104 112 108.698
108 112 112.377
112 112 116.032
116 112 119.657
120 112 123.244
124 112 126.784
128 112 130.267
132 112 133.684
136 112 137.023
140 112 140.276
144 112 143.433
148 112 146.484
152 112 149.421
156 112 152.237
160 112 154.927
164 112 157.487
168 112 159.913
172 112 162.204
176 112 164.36
180 112 166.382
184 112 168.272
188 112 170.034
192 112 171.672
196 112 173.191
200 112 174.595
0 116 19.3081
4 116 21.9682
8 116 24.6877
12 116 27.6923
16 116 30.9208
20 116 34.3394
24 116 37.9001
28 116 41.5512
32 116 45.2505
36 116 48.9711
40 116 52.6996
44 116 56.4306
48 116 60.1622
52 116 63.8939
56 116 67.6257
60 116 71.3575
64 116 75.0892
68 116 78.8209
72 116 82.5525
76 116 86.2838
80 116 90.0144
84 116 93.7438
88 116 97.471
92 116 101.195
96 116 104.913
100 116 108.622
104 116 112.32
108 116 116
112 116 119.657
116 116 123.285
120 116 126.875
124 116 130.418
128 116 133.906
132 116 137.328
136 116 140.674
140 116 143.935
144 116 147.101
148 116 150.162
152 116 153.113
156 116 155.944
160 116 158.651
164 116 161.23
168 116 163.678
172 116 165.992
176 116 168.174
180 116 170.223
184 116 172.143
188 116 173.935
192 116 175.605
196 116 177.155
200 116 178.591
0 120 22.0808
4 120 24.9128
8 120 27.7981
12 120 30.944
16 120 34.2854
20 120 37.7859
24 120 41.3989
28 120 45.0792
32 120 48.7928
36 120 52.5202
40 120 56.252
44 120 59.9852
48 120 63.7187
52 120 67.4522
56 120 71.1857
60 120 74.9193
64 120 78.6528
68 120 82.3862
72 120 86.1195
76 120 89.8525
80 120 93.5849
84 120 97.3161
88 120 101.045
92 120 104.771
96 120 108.491
100 120 112.202
104 120 115.902
108 120 119.584
112 120 123.244
116 120 126.875
120 120 130.468
124 120 134.016
128 120 137.508
132 120 140.936
136 120 144.289
140 120 147.558
144 120 150.734
148 120 153.807
152 120 156.771
156 120 159.617
160 120 162.342
164 120 164.94
168 120 167.408
172 120 169.746
176 120 171.952
180 120 174.028
184 120 175.974
188 120 177.794
192 120 179.491
196 120 181.069
200 120 182.531
0 124 24.9196
4 124 27.9061
8 124 30.9375
12 124 34.203
16 124 37.6364
20 124 41.2008
24 124 44.853
28 124 48.5544
32 124 52.2784
36 124 56.011
40 124 59.7461
44 124 63.4819
48 124 67.2178
52 124 70.9537
56 124 74.6897
60 124 78.4256
64 124 82.1615
68 124 85.8973
72 124 89.6331
76 124 93.3685
80 124 97.1032
84 124 100.837
88 124 104.568
92 124 108.296
96 124 112.019
100 124 115.733
104 124 119.435
108 124 123.121
112 124 126.784
116 124 130.418
120 124 134.016
124 124 137.568
128 124 141.066
132 124 144.5
136 124 147.861
140 124 151.139
144 124 154.325
148 124 157.41
152 124 160.387
156 124 163.249
160 124 165.991
164 124 168.607
168 124 171.096
172 124 173.456
176 124 175.685
180 124 177.784
184 124 179.755
188 124 181.6
192 124 183.32
196 124 184.92
200 124 186.403
0 128 27.7915
4 128 30.9152
8 128 34.0742
12 128 37.44
16 128 40.9479
20 128 44.5621
24 128 48.2438
28 128 51.9608
32 128 55.693
36 128 59.4304
40 128 63.1692
44 128 66.9083
48 128 70.6474
52 128 74.3865
56 128 78.1257
60 128 81.8648
64 128 85.6039
68 128 89.343
72 128 93.0819
76 128 96.8205
80 128 100.559
84 128 104.295
88 128 108.03
92 128 111.761
96 128 115.487
100 128 119.205
104 128 122.911
108 128 126.6
112 128 130.267
116 128 133.906
120 128 137.508
124 128 141.066
128 128 144.57
132 128 148.012
136 128 151.381
140 128 154.669
144 128 157.865
148 128 160.963
152 128 163.953
156 128 166.831
160 128 169.589
164 128 172.224
168 128 174.733
172 128 177.113
176 128 179.363
180 128 181.484
184 128 183.476
188 128 185.34
192 128 187.079
196 128 188.695
200 128 190.191
0 132 30.6647
4 132 33.9087
8 132 37.1784
12 132 40.6278
16 132 44.1959
20 132 47.8491
24 132 51.5535
28 132 55.283
32 132 59.0224
36 132 62.7648
40 132 66.508
44 132 70.2513
48 132 73.9946
52 132 77.738
56 132 81.4813
60 132 85.2246
64 132 88.9679
68 132 92.7112
72 132 96.4543
76 132 100.197
80 132 103.939
84 132 107.68
88 132 111.419
92 132 115.155
96 132 118.885
100 132 122.607
104 132 126.317
108 132 130.011
112 132 133.684
116 132 137.328
120 132 140.936
124 132 144.5
128 132 148.012
132 132 151.462
136 132 154.84
140 132 158.137
144 132 161.346
148 132 164.456
152 132 167.461
156 132 170.353
160 132 173.128
164 132 175.781
168 132 178.308
172 132 180.706
176 132 182.976
180 132 185.114
184 132 187.123
188 132 189.003
192 132 190.755
196 132 192.38
200 132 193.881
0 136 33.5087
4 136 36.8569
8 136 40.2222
12 136 43.7413
16 136 47.3582
20 136 51.0426
24 136 54.7653
28 136 58.5054
32 136 62.252
36 136 66.0002
40 136 69.7489
44 136 73.4976
48 136 77.2463
52 136 80.995
56 136 84.7437
60 136 88.4924
64 136 92.241
68 136 95.9897
72 136 99.7381
76 136 103.486
80 136 107.234
84 136 110.98
88 136 114.725
92 136 118.466
96 136 122.201
100 136 125.929
104 136 129.645
108 136 133.345
112 136 137.023
116 136 140.674
120 136 144.289
124 136 147.861
128 136 151.381
132 136 154.84
136 136 158.228
140 136 161.537
144 136 164.757
148 136 167.88
152 136 170.899
156 136 173.807
160 136 176.598
164 136 179.267
168 136 181.811
172 136 184.226
176 136 186.511
180 136 188.664
184 136 190.685
188 136 192.575
192 136 194.332
196 136 195.959
200 136 197.456
0 140 36.2949
4 140 39.7322
8 140 43.18
12 140 46.7574
16 140 50.4145
20 140 54.1245
24 140 57.8628
28 140 61.6131
32 140 65.3674
36 140 69.1227
40 140 72.8781
44 140 76.6335
48 140 80.389
52 140 84.1444
56 140 87.8999
60 140 91.6553
64 140 95.4107
68 140 99.1661
72 140 102.921
76 140 106.676
80 140 110.431
84 140 114.184
88 140 117.935
92 140 121.683
96 140 125.425
100 140 129.16
104 140 132.883
108 140 136.59
112 140 140.276
116 140 143.935
120 140 147.558
124 140 151.139
128 140 154.669
132 140 158.137
136 140 161.537
140 140 164.857
144 140 168.09
148 140 171.227
152 140 174.261
156 140 177.183
160 140 179.989
164 140 182.674
168 140 185.232
172 140 187.661
176 140 189.958
180 140 192.121
184 140 194.149
188 140 196.041
192 140 197.797
196 140 199.417
200 140 200.901
0 144 38.9968
4 144 42.5092
8 144 46.0285
12 144 49.6552
16 144 53.346
20 144 57.078
24 144 60.8306
28 144 64.5914
32 144 68.3546
36 144 72.1184
40 144 75.8822
44 144 79.6459
48 144 83.4097
52 144 87.1735
56 144 90.9373
60 144 94.7011
64 144 98.4649
68 144 102.229
72 144 105.992
76 144 109.755
80 144 113.518
84 144 117.28
88 144 121.039
92 144 124.795
96 144 128.546
100 144 132.29
104 144 136.021
108 144 139.738
112 144 143.433
116 144 147.101
120 144 150.734
124 144 154.325
128 144 157.865
132 144 161.346
136 144 164.757
140 144 168.09
144 144 171.337
148 144 174.487
152 144 177.535
156 144 180.472
160 144 183.292
164 144 185.99
168 144 188.56
172 144 190.999
176 144 193.303
180 144 195.471
184 144 197.499
188 144 199.387
192 144 201.133
196 144 202.737
200 144 204.198
0 148 41.5902
4 148 45.1648
8 148 48.7465
12 148 52.4155
16 148 56.1357
20 148 59.8876
24 148 63.6544
28 148 67.4267
32 148 71.2003
36 148 74.9743
40 148 78.7482
44 148 82.5222
48 148 86.2961
52 148 90.0701
56 148 93.844
60 148 97.6179
64 148 101.392
68 148 105.166
72 148 108.939
76 148 112.713
80 148 116.486
84 148 120.257
88 148 124.027
92 148 127.794
96 148 131.555
100 148 135.308
104 148 139.051
108 148 142.778
112 148 146.484
116 148 150.162
120 148 153.807
124 148 157.41
128 148 160.963
132 148 164.456
136 148 167.88
140 148 171.227
144 148 174.487
148 148 177.652
152 148 180.714
156 148 183.664
160 148 186.496
164 148 189.205
168 148 191.784
172 148 194.229
176 148 196.536
180 148 198.701
184 148 200.723
188 148 202.598
192 148 204.325
196 148 205.903
200 148 207.33
0 152 44.0531
4 152 47.6785
8 152 51.3153
12 152 55.0216
16 152 58.7684
20 152 62.5394
24 152 66.321
28 152 70.1062
32 152 73.8922
36 152 77.6783
40 152 81.4645
44 152 85.2506
48 152 89.0367
52 152 92.8228
56 152 96.6089
60 152 100.395
64 152 104.181
68 152 107.967
72 152 111.753
76 152 115.539
80 152 119.324
84 152 123.108
88 152 126.89
92 152 130.668
96 152 134.442
100 152 138.208
104 152 141.962
108 152 145.702
112 152 149.421
116 152 153.113
120 152 156.771
124 152 160.387
128 152 163.953
132 152 167.461
136 152 170.899
140 152 174.261
144 152 177.535
148 152 180.714
152 152 183.788
156 152 186.75
160 152 189.592
164 152 192.309
168 152 194.892
172 152 197.339
176 152 199.642
180 152 201.799
184 152 203.807
188 152 205.661
192 152 207.359
196 152 208.901
200 152 210.283
0 156 46.3664
4 156 50.0323
8 156 53.7186
12 156 57.4587
16 156 61.2305
20 156 65.0208
24 156 68.8186
28 156 72.6187
32 156 76.4192
36 156 80.2197
40 156 84.0202
44 156 87.8208
48 156 91.6213
52 156 95.4218
56 156 99.2223
60 156 103.023
64 156 106.823
68 156 110.624
72 156 114.424
76 156 118.224
80 156 122.024
84 156 125.822
88 156 129.618
92 156 133.412
96 156 137.2
100 156 140.98
104 156 144.749
108 156 148.504
112 156 152.237
116 156 155.944
120 156 159.617
124 156 163.249
128 156 166.831
132 156 170.353
136 156 173.807
140 156 177.183
144 156 180.472
148 156 183.664
152 156 186.75
156 156 189.722
160 156 192.572
164 156 195.292
168 156 197.876
172 156 200.318
176 156 202.611
180 156 204.752
184 156 206.737
188 156 208.56
192 156 210.22
196 156 211.715
200 156 213.041
0 160 48.5135
4 160 52.211
8 160 55.9424
12 160 59.7143
16 160 63.5109
20 160 67.3214
24 160 71.1372
28 160 74.9543
32 160 78.7717
36 160 82.5891
40 160 86.4064
44 160 90.2238
48 160 94.0412
52 160 97.8585
56 160 101.676
60 160 105.493
64 160 109.311
68 160 113.128
72 160 116.945
76 160 120.762
80 160 124.578
84 160 128.393
88 160 132.207
92 160 136.017
96 160 139.822
100 160 143.619
104 160 147.405
108 160 151.177
112 160 154.927
116 160 158.651
120 160 162.342
124 160 165.991
128 160 169.589
132 160 173.128
136 160 176.598
140 160 179.989
144 160 183.292
148 160 186.496
152 160 189.592
156 160 192.572
160 160 195.425
164 160 198.145
168 160 200.724
172 160 203.155
176 160 205.431
180 160 207.548
184 160 209.5
188 160 211.283
192 160 212.894
196 160 214.331
200 160 215.591
0 164 50.4804
4 164 54.2019
8 164 57.9756
12 164 61.7783
16 164 65.6001
20 164 69.4325
24 164 73.2684
28 164 77.1051
32 164 80.9419
36 164 84.7788
40 164 88.6156
44 164 92.4524
48 164 96.2893
52 164 100.126
56 164 103.963
60 164 107.8
64 164 111.637
68 164 115.473
72 164 119.31
76 164 123.146
80 164 126.982
84 164 130.817
88 164 134.649
92 164 138.479
96 164 142.303
100 164 146.12
104 164 149.926
108 164 153.717
112 164 157.487
116 164 161.23
120 164 164.94
124 164 168.607
128 164 172.224
132 164 175.781
136 164 179.267
140 164 182.674
144 164 185.99
148 164 189.205
152 164 192.309
156 164 195.292
160 164 198.145
164 164 200.86
168 164 203.427
172 164 205.84
176 164 208.091
180 164 210.175
184 164 212.085
188 164 213.818
192 164 215.37
196 164 216.737
200 164 217.92
0 168 52.256
4 168 55.9951
8 168 59.8092
12 168 63.6428
16 168 67.4911
20 168 71.3472
24 168 75.2058
28 168 79.0649
32 168 82.924
36 168 86.783
40 168 90.6421
44 168 94.5012
48 168 98.3603
52 168 102.219
56 168 106.078
60 168 109.937
64 168 113.797
68 168 117.656
72 168 121.514
76 168 125.373
80 168 129.231
84 168 133.088
88 168 136.943
92 168 140.795
96 168 144.641
100 168 148.48
104 168 152.308
108 168 156.121
112 168 159.913
116 168 163.678
120 168 167.408
124 168 171.096
128 168 174.733
132 168 178.308
136 168 181.811
140 168 185.232
144 168 188.56
148 168 191.784
152 168 194.892
156 168 197.876
160 168 200.724
164 168 203.427
168 168 205.977
172 168 208.364
176 168 210.581
180 168 212.622
184 168 214.48
188 168 216.153
192 168 217.634
196 168 218.923
200 168 220.018
0 172 53.8318
4 172 57.5832
8 172 61.437
12 172 65.3022
16 172 69.1787
20 172 73.0611
24 172 76.9451
28 172 80.8294
32 172 84.7137
36 172 88.5979
40 172 92.4822
44 172 96.3665
48 172 100.251
52 172 104.135
56 172 108.019
60 172 111.904
64 172 115.788
68 172 119.672
72 172 123.556
76 172 127.44
80 172 131.323
84 172 135.205
88 172 139.085
92 172 142.962
96 172 146.834
100 172 150.698
104 172 154.551
108 172 158.388
112 172 162.204
116 172 165.992
120 172 169.746
124 172 173.456
128 172 177.113
132 172 180.706
136 172 184.226
140 172 187.661
144 172 190.999
148 172 194.229
152 172 197.339
156 172 200.318
160 172 203.155
164 172 205.84
168 172 208.364
172 172 210.716
176 172 212.891
180 172 214.879
184 172 216.677
188 172 218.278
192 172 219.679
196 172 220.879
200 172 221.876
0 176 55.202
4 176 58.9615
8 176 62.8549
12 176 66.7531
16 176 70.66
20 176 74.5714
24 176 78.4838
28 176 82.3964
32 176 86.3089
36 176 90.2214
40 176 94.1339
44 176 98.0465
48 176 101.959
52 176 105.871
56 176 109.784
60 176 113.697
64 176 117.609
68 176 121.521
72 176 125.434
76 176 129.346
80 176 133.257
84 176 137.168
88 176 141.076
92 176 144.981
96 176 148.881
100 176 152.772
104 176 156.653
108 176 160.517
112 176 164.36
116 176 168.174
120 176 171.952
124 176 175.685
128 176 179.363
132 176 182.976
136 176 186.511
140 176 189.958
144 176 193.303
148 176 196.536
152 176 199.642
156 176 202.611
160 176 205.431
164 176 208.091
168 176 210.581
172 176 212.891
176 176 215.012
180 176 216.939
184 176 218.665
188 176 220.185
192 176 221.497
196 176 222.598
200 176 223.488
0 180 56.3631
4 180 60.1275
8 180 64.0612
12 180 67.9943
16 180 71.9342
20 180 75.8775
24 180 79.8215
28 180 83.7654
32 180 87.7094
36 180 91.6533
40 180 95.5973
44 180 99.5412
48 180 103.485
52 180 107.429
56 180 111.373
60 180 115.317
64 180 119.261
68 180 123.205
72 180 127.149
76 180 131.092
80 180 135.035
84 180 138.976
88 180 142.916
92 180 146.852
96 180 150.783
100 180 154.706
104 180 158.616
108 180 162.51
112 180 166.382
116 180 170.223
120 180 174.028
124 180 177.784
128 180 181.484
132 180 185.114
136 180 188.664
140 180 192.121
144 180 195.471
148 180 198.701
152 180 201.799
156 180 204.752
160 180 207.548
164 180 210.175
168 180 212.622
172 180 214.879
176 180 216.939
180 180 218.794
184 180 220.439
188 180 221.868
192 180 223.08
196 180 224.074
200 180 224.849
0 184 57.3141
4 184 61.0812
8 184 65.0564
12 184 69.0266
16 184 73.0023
20 184 76.9806
24 184 80.9593
28 184 84.938
32 184 88.9166
36 184 92.8953
40 184 96.8739
44 184 100.853
48 184 104.831
52 184 108.81
56 184 112.788
60 184 116.767
64 184 120.746
68 184 124.724
72 184 128.703
76 184 132.681
80 184 136.658
84 184 140.635
88 184 144.609
92 184 148.579
96 184 152.544
100 184 156.5
104 184 160.444
108 184 164.37
112 184 168.272
116 184 172.143
120 184 175.974
124 184 179.755
128 184 183.476
132 184 187.123
136 184 190.685
140 184 194.149
144 184 197.499
148 184 200.723
152 184 203.807
156 184 206.737
160 184 209.5
164 184 212.085
168 184 214.48
172 184 216.677
176 184 218.665
180 184 220.439
184 184 221.992
188 184 223.322
192 184 224.426
196 184 225.304
200 184 225.958
0 188 58.0561
4 188 61.8244
8 188 65.8428
12 188 69.8527
16 188 73.8672
20 188 77.8837
24 188 81.9005
28 188 85.9171
32 188 89.9338
36 188 93.9505
40 188 97.9671
44 188 101.984
48 188 106
52 188 110.017
56 188 114.034
60 188 118.05
64 188 122.067
68 188 126.084
72 188 130.1
76 188 134.116
80 188 138.132
84 188 142.146
88 188 146.157
92 188 150.165
96 188 154.167
100 188 158.16
104 188 162.139
108 188 166.099
112 188 170.034
116 188 173.935
120 188 177.794
124 188 181.6
128 188 185.34
132 188 189.003
136 188 192.575
140 188 196.041
144 188 199.387
148 188 202.598
152 188 205.661
156 188 208.56
160 188 211.283
164 188 213.818
168 188 216.153
172 188 218.278
176 188 220.185
180 188 221.868
184 188 223.322
188 188 224.544
192 188 225.533
196 188 226.288
200 188 226.814
0 192 58.5922
4 192 62.361
8 192 66.4247
12 192 70.477
16 192 74.5333
20 192 78.5914
24 192 82.6495
28 192 86.7075
32 192 90.7656
36 192 94.8236
40 192 98.8817
44 192 102.94
48 192 106.998
52 192 111.056
56 192 115.114
60 192 119.172
64 192 123.23
68 192 127.288
72 192 131.346
76 192 135.403
80 192 139.46
84 192 143.515
88 192 147.568
92 192 151.616
96 192 155.658
100 192 159.689
104 192 163.706
108 192 167.703
112 192 171.672
116 192 175.605
120 192 179.491
124 192 183.32
128 192 187.079
132 192 190.755
136 192 194.332
140 192 197.797
144 192 201.133
148 192 204.325
152 192 207.359
156 192 210.22
160 192 212.894
164 192 215.37
168 192 217.634
172 192 219.679
176 192 221.497
180 192 223.08
184 192 224.426
188 192 225.533
192 192 226.399
196 192 227.027
200 192 227.42
0 196 58.9271
4 196 62.6965
8 196 66.8077
12 196 70.9052
16 196 75.0067
20 196 79.1095
24 196 83.2124
28 196 87.3152
32 196 91.4181
36 196 95.5209
40 196 99.6237
44 196 103.727
48 196 107.829
52 196 111.932
56 196 116.035
60 196 120.138
64 196 124.241
68 196 128.343
72 196 132.446
76 196 136.548
80 196 140.649
84 196 144.749
88 196 148.846
92 196 152.937
96 196 157.022
100 196 161.095
104 196 165.152
108 196 169.187
112 196 173.191
116 196 177.155
120 196 181.069
124 196 184.92
128 196 188.695
132 196 192.38
136 196 195.959
140 196 199.417
144 196 202.737
148 196 205.903
152 196 208.901
156 196 211.715
160 196 214.331
164 196 216.737
168 196 218.923
172 196 220.879
176 196 222.598
180 196 224.074
184 196 225.304
188 196 226.288
192 196 227.027
196 196 227.522
200 196 227.78
0 200 59.0672
4 200 62.8376
8 200 66.9988
12 200 71.1446
16 200 75.2943
20 200 79.4454
24 200 83.5964
28 200 87.7474
32 200 91.8984
36 200 96.0494
40 200 100.2
44 200 104.351
48 200 108.502
52 200 112.653
56 200 116.804
60 200 120.955
64 200 125.106
68 200 129.257
72 200 133.408
76 200 137.558
80 200 141.707
84 200 145.854
88 200 149.998
92 200 154.136
96 200 158.266
100 200 162.383
104 200 166.482
108 200 170.556
112 200 174.595
116 200 178.591
120 200 182.531
124 200 186.403
128 200 190.191
132 200 193.881
136 200 197.456
140 200 200.901
144 200 204.198
148 200 207.33
152 200 210.283
156 200 213.041
160 200 215.591
164 200 217.92
168 200 220.018
172 200 221.876
176 200 223.488
180 200 224.849
184 200 225.958
188 200 226.814
192 200 227.42
196 200 227.78
200 200 227.904
