0 0 -1.66244e-009
4 0 1.64318e-009
8 0 -1.59147e-008
12 0 7.62071e-008
16 0 2.11137e-007
20 0 -1.05899e-005
24 0 -8.29515e-005
28 0 -0.000334618
32 0 -0.000940457
36 0 -0.00201842
40 0 -0.00325908
44 0 -0.00308371
48 0 0.00277197
52 0 0.0230368
56 0 0.072497
60 0 0.172739
64 0 0.351583
68 0 0.641161
72 0 1.07502
76 0 1.68482
80 0 2.49739
84 0 3.53234
88 0 4.80082
92 0 6.3051
96 0 8.03897
100 0 9.98879
104 0 12.1347
108 0 14.4523
112 0 16.9135
116 0 19.4883
120 0 22.1457
124 0 24.8543
128 0 27.5836
132 0 30.3037
136 0 32.9866
140 0 35.6062
144 0 38.1384
148 0 40.5613
152 0 42.8557
156 0 45.0047
160 0 46.9943
164 0 48.8127
168 0 50.4508
172 0 51.9019
176 0 53.1616
180 0 54.2277
184 0 55.1
188 0 55.7803
192 0 56.2716
196 0 56.5789
200 0 56.7081
0 4 1.64318e-009
4 4 1.96281e-009
8 4 9.2989e-009
12 4 -2.12278e-007
16 4 1.16282e-006
20 4 2.13709e-005
24 4 0.000113244
28 4 0.000373921
32 4 0.000957171
36 4 0.00220575
40 4 0.00514892
44 4 0.0126212
48 4 0.0310148
52 4 0.0722556
56 4 0.155272
60 4 0.30624
64 4 0.557275
68 4 0.943725
72 4 1.50068
76 4 2.2594
80 4 3.24441
84 4 4.47149
88 4 5.9469
92 4 7.66752
96 4 9.62174
100 4 11.7909
104 4 14.1508
108 4 16.6734
112 4 19.3278
116 4 22.0822
120 4 24.9042
124 4 27.7619
128 4 30.6244
132 4 33.4624
136 4 36.2483
140 4 38.9569
144 4 41.565
148 4 44.0519
152 4 46.3994
156 4 48.5921
160 4 50.6167
164 4 52.463
168 4 54.1227
172 4 55.5904
176 4 56.8625
180 4 57.9378
184 4 58.817
188 4 59.5024
192 4 59.9979
196 4 60.309
200 4 60.442
0 8 -1.59147e-008
4 8 9.2989e-009
8 8 4.48676e-008
12 8 6.46888e-008
16 8 -2.31137e-006
20 8 -1.76757e-005
24 8 -6.58477e-005
28 8 -0.000166653
32 8 -0.000292515
36 8 -0.000137089
40 8 0.00161294
44 8 0.0087963
48 8 0.0300039
52 8 0.0808718
56 8 0.185463
60 8 0.375926
64 8 0.690202
68 8 1.16824
72 8 1.8476
76 8 2.75947
80 8 3.92567
84 8 5.35722
88 8 7.05413
92 8 9.00636
96 8 11.1955
100 8 13.5967
104 8 16.1805
108 8 18.9148
112 8 21.7661
116 8 24.7008
120 8 27.6859
124 8 30.6895
128 8 33.6816
132 8 36.634
136 8 39.5206
140 8 42.3177
144 8 45.0037
148 8 47.5598
152 8 49.9691
156 8 52.2177
160 8 54.2938
164 8 56.188
168 8 57.8934
172 8 59.4054
176 8 60.7211
180 8 61.8402
184 8 62.7636
188 8 63.4943
192 8 64.0366
196 8 64.396
200 8 64.5792
0 12 7.62071e-008
4 12 -2.12278e-007
8 12 6.46888e-008
12 12 2.33334e-007
16 12 1.45306e-006
20 12 5.71393e-006
24 12 1.05322e-005
28 12 7.17329e-006
32 12 2.82009e-005
36 12 0.000466923
40 12 0.0030936
44 12 0.013105
48 12 0.0419696
52 12 0.110083
56 12 0.24792
60 12 0.494781
64 12 0.895119
68 12 1.49335
72 12 2.32843
76 12 3.42955
80 12 4.81342
84 12 6.4837
88 12 8.43182
92 12 10.6391
96 12 13.0791
100 12 15.7204
104 12 18.5285
108 12 21.468
112 12 24.5038
116 12 27.6015
120 12 30.729
124 12 33.8556
128 12 36.9531
132 12 39.9955
136 12 42.9588
140 12 45.8215
144 12 48.5642
148 12 51.1696
152 12 53.6229
156 12 55.9114
160 12 58.0248
164 12 59.9549
168 12 61.6955
172 12 63.2428
176 12 64.5947
180 12 65.7512
184 12 66.7138
188 12 67.4857
192 12 68.0714
196 12 68.4767
200 12 68.7082
0 16 2.11137e-007
4 16 1.16282e-006
8 16 -2.31137e-006
12 16 1.45306e-006
16 16 -5.04391e-007
20 16 3.70388e-007
24 16 3.35256e-006
28 16 6.8663e-006
32 16 7.13777e-005
36 16 0.000769188
40 16 0.00460713
44 16 0.0188013
48 16 0.0588989
52 16 0.15175
56 16 0.336088
60 16 0.659785
64 16 1.17422
68 16 1.9273
72 16 2.95713
76 16 4.28767
80 16 5.92705
84 16 7.86837
88 16 10.0922
92 16 12.5697
96 16 15.2664
100 16 18.1447
104 16 21.1664
108 16 24.2945
112 16 27.4936
116 16 30.7308
120 16 33.9758
124 16 37.2006
128 16 40.3796
132 16 43.4896
136 16 46.5092
140 16 49.4192
144 16 52.2023
148 16 54.8432
152 16 57.3287
156 16 59.6472
160 16 61.7897
164 16 63.7487
168 16 65.519
172 16 67.0972
176 16 68.4818
180 16 69.6731
184 16 70.6729
188 16 71.4846
192 16 72.1129
196 16 72.5635
200 16 72.8434
0 20 -1.05899e-005
4 20 2.13709e-005
8 20 -1.76757e-005
12 20 5.71393e-006
16 20 3.70388e-007
20 20 -6.09486e-007
24 20 -2.7011e-007
28 20 -1.46372e-006
32 20 8.97658e-005
36 20 0.00112842
40 20 0.00677156
44 20 0.0272793
48 20 0.0841121
52 20 0.213053
56 20 0.463546
60 20 0.893476
64 20 1.56071
68 20 2.51413
72 20 3.78671
76 20 5.39227
80 20 7.32577
84 20 9.56643
88 20 12.0821
92 20 14.8338
96 20 17.78
100 20 20.879
104 20 24.0914
108 20 27.3806
112 20 30.7137
116 20 34.0606
120 20 37.3944
124 20 40.6907
128 20 43.9271
132 20 47.0834
136 20 50.1409
140 20 53.0826
144 20 55.8932
148 20 58.5588
152 20 61.0675
156 20 63.409
160 20 65.5748
164 20 67.5583
168 20 69.3547
172 20 70.9611
176 20 72.3763
180 20 73.6008
184 20 74.6366
188 20 75.4873
192 20 76.1575
196 20 76.6533
200 20 76.9813
0 24 -8.29515e-005
4 24 0.000113244
8 24 -6.58477e-005
12 24 1.05322e-005
16 24 3.35256e-006
20 24 -2.7011e-007
24 24 -8.99841e-007
28 24 -5.09994e-006
32 24 0.000133873
36 24 0.00172756
40 24 0.0102618
44 24 0.040744
48 24 0.123552
52 24 0.307145
56 24 0.654659
60 24 1.23449
64 24 2.10814
68 24 3.3197
72 24 4.88999
76 24 6.8161
80 24 9.07522
84 24 11.6305
88 24 14.4375
92 24 17.4493
96 24 20.6203
100 24 23.9084
104 24 27.2762
108 24 30.6905
112 24 34.1226
116 24 37.547
120 24 40.9409
124 24 44.2836
128 24 47.5563
132 24 50.7413
136 24 53.8223
140 24 56.7842
144 24 59.613
148 24 62.2962
152 24 64.8227
156 24 67.1828
160 24 69.3688
164 24 71.3743
168 24 73.1951
172 24 74.8284
176 24 76.2731
180 24 77.5301
184 24 78.6015
188 24 79.4907
192 24 80.2027
196 24 80.7434
200 24 81.1196
0 28 -0.000334618
4 28 0.000373921
8 28 -0.000166653
12 28 7.17329e-006
16 28 6.8663e-006
20 28 -1.46372e-006
24 28 -5.09994e-006
28 28 -1.53825e-005
32 28 0.00019317
36 28 0.00270979
40 28 0.0162399
44 28 0.0639186
48 28 0.190243
52 28 0.461315
56 28 0.955704
60 28 1.74896
64 28 2.89829
68 28 4.43298
72 28 6.35262
76 28 8.63169
80 28 11.2276
84 28 14.089
88 28 17.163
92 28 20.3994
96 28 23.7537
100 28 27.1876
104 28 30.6685
108 28 34.1692
112 28 37.6662
116 28 41.1389
120 28 44.5687
124 28 47.9384
128 28 51.2318
132 28 54.4335
136 28 57.5288
140 28 60.5039
144 28 63.3458
148 28 66.0428
152 28 68.5842
156 28 70.961
160 28 73.1657
164 28 75.1924
168 28 77.0367
172 28 78.6964
176 28 80.1705
180 28 81.4597
184 28 82.5665
188 28 83.4942
192 28 84.248
196 28 84.8335
200 28 85.2578
0 32 -0.000940457
4 32 0.000957171
8 32 -0.000292515
12 32 2.82009e-005
16 32 7.13777e-005
20 32 8.97658e-005
24 32 0.000133873
28 32 0.00019317
32 32 0.000688046
36 32 0.00553141
40 32 0.0301651
44 32 0.112364
48 32 0.317821
52 32 0.733402
56 32 1.44902
60 32 2.53665
64 32 4.03563
68 32 5.94871
72 32 8.24744
76 32 10.8826
80 32 13.7953
84 32 16.9258
88 32 20.2196
92 32 23.6296
96 32 27.117
100 32 30.6503
104 32 34.2042
108 32 37.7575
112 32 41.292
116 32 44.7913
120 32 48.2404
124 32 51.6245
128 32 54.9293
132 32 58.1409
136 32 61.2457
140 32 64.2306
144 32 67.0832
148 32 69.7923
152 32 72.3477
156 32 74.7404
160 32 76.9634
164 32 79.0108
168 32 80.8786
172 32 82.5646
176 32 84.0678
180 32 85.3894
184 32 86.5314
188 32 87.4977
192 32 88.2932
196 32 88.9236
200 32 89.396
0 36 -0.00201842
4 36 0.00220575
8 36 -0.000137089
12 36 0.000466923
16 36 0.000769188
20 36 0.00112842
24 36 0.00172756
28 36 0.00270979
32 36 0.00553141
36 36 0.0192834
40 36 0.0733778
44 36 0.22904
48 36 0.57763
52 36 1.22198
56 36 2.24965
60 36 3.71182
64 36 5.61574
68 36 7.93051
72 36 10.6002
76 36 13.5579
80 36 16.7373
84 36 20.079
88 36 23.534
92 36 27.063
96 36 30.6361
100 36 34.2297
104 36 37.8252
108 36 41.4068
112 36 44.9605
116 36 48.4733
120 36 51.9321
124 36 55.3239
128 36 58.6356
132 36 61.854
136 36 64.9661
140 36 67.9595
144 36 70.822
148 36 73.5426
152 36 76.1115
156 36 78.52
160 36 80.7611
164 36 82.8292
168 36 84.7205
172 36 86.4327
176 36 87.9652
180 36 89.319
184 36 90.4964
188 36 91.5012
192 36 92.3384
196 36 93.0137
200 36 93.5342
0 40 -0.00325908
4 40 0.00514892
8 40 0.00161294
12 40 0.0030936
16 40 0.00460713
20 40 0.00677156
24 40 0.0102618
28 40 0.0162399
32 40 0.0301651
36 40 0.0733778
40 40 0.198934
44 40 0.497178
48 40 1.08009
52 40 2.05039
56 40 3.47286
60 40 5.36158
64 40 7.68479
68 40 10.3806
72 40 13.3744
76 40 16.5932
80 40 19.973
84 40 23.4626
88 40 27.0229
92 40 30.6249
96 40 34.2472
100 40 37.8733
104 40 41.4899
108 40 45.0853
112 40 48.6483
116 40 52.1676
120 40 55.6315
124 40 59.028
128 40 62.3447
132 40 65.5687
136 40 68.6875
140 40 71.6888
144 40 74.561
148 40 77.2931
152 40 79.8754
156 40 82.2997
160 40 84.5589
164 40 86.6477
168 40 88.5624
172 40 90.3009
176 40 91.8626
180 40 93.2486
184 40 94.4614
188 40 95.5047
192 40 96.3835
196 40 97.1038
200 40 97.6724
0 44 -0.00308371
4 44 0.0126212
8 44 0.0087963
12 44 0.013105
16 44 0.0188013
20 44 0.0272793
24 44 0.040744
28 44 0.0639186
32 44 0.112364
36 44 0.22904
40 44 0.497178
44 44 1.0318
48 44 1.94831
52 44 3.32658
56 44 5.19065
60 44 7.51082
64 44 10.221
68 44 13.2397
72 44 16.4874
76 44 19.8956
80 44 23.4108
84 44 26.9936
88 44 30.616
92 44 34.2582
96 44 37.9059
100 44 41.5479
104 44 45.1745
108 44 48.7762
112 44 52.3436
116 44 55.8663
120 44 59.3336
124 44 62.7337
128 44 66.0546
132 44 69.2839
136 44 72.4091
140 44 75.4183
144 44 78.3
148 44 81.0435
152 44 83.6394
156 44 86.0793
160 44 88.3567
164 44 90.4662
168 44 92.4043
172 44 94.169
176 44 95.7599
180 44 97.1782
184 44 98.4264
188 44 99.5082
192 44 100.429
196 44 101.194
200 44 101.811
0 48 0.00277197
4 48 0.0310148
8 48 0.0300039
12 48 0.0419696
16 48 0.0588989
20 48 0.0841121
24 48 0.123552
28 48 0.190243
32 48 0.317821
36 48 0.57763
40 48 1.08009
44 48 1.94831
48 48 3.27736
52 48 5.10488
56 48 7.4074
60 48 10.1175
64 48 13.1484
68 48 16.414
72 48 19.8413
76 48 23.3742
80 48 26.9725
84 48 30.6087
88 48 34.2644
92 48 37.927
96 48 41.5868
100 48 45.2361
104 48 48.867
108 48 52.4717
112 48 56.0415
116 48 59.5665
120 48 63.0364
124 48 66.4397
128 48 69.7647
132 48 72.9991
136 48 76.1308
140 48 79.1479
144 48 82.0391
148 48 84.794
152 48 87.4033
156 48 89.859
160 48 92.1544
164 48 94.2846
168 48 96.2462
172 48 98.0372
176 48 99.6573
180 48 101.108
184 48 102.391
188 48 103.512
192 48 104.474
196 48 105.284
200 48 105.949
0 52 0.0230368
4 52 0.0722556
8 52 0.0808718
12 52 0.110083
16 52 0.15175
20 52 0.213053
24 52 0.307145
28 52 0.461315
32 52 0.733402
36 52 1.22198
40 52 2.05039
44 52 3.32658
48 52 5.10488
52 52 7.37313
56 52 10.0668
60 52 13.0956
64 52 16.3679
68 52 19.8056
72 52 23.3494
76 52 26.9577
80 52 30.6029
84 52 34.2674
88 52 37.9398
92 52 41.6118
96 52 45.2771
100 52 48.9295
104 52 52.5625
108 52 56.1689
112 52 59.7402
116 52 63.2672
120 52 66.7394
124 52 70.1459
128 52 73.4749
132 52 76.7144
136 52 79.8524
140 52 82.8774
144 52 85.7781
148 52 88.5444
152 52 91.1672
156 52 93.6386
160 52 95.9522
164 52 98.1031
168 52 100.088
172 52 101.905
176 52 103.555
180 52 105.037
184 52 106.356
188 52 107.515
192 52 108.519
196 52 109.374
200 52 110.087
0 56 0.072497
4 56 0.155272
8 56 0.185463
12 56 0.24792
16 56 0.336088
20 56 0.463546
24 56 0.654659
28 56 0.955704
32 56 1.44902
36 56 2.24965
40 56 3.47286
44 56 5.19065
48 56 7.4074
52 56 10.0668
56 56 13.0783
60 56 16.3457
64 56 19.7855
68 56 23.3341
72 56 26.9479
76 56 30.5985
80 56 34.2685
84 56 37.9471
88 56 41.6271
92 56 45.3034
96 56 48.9711
100 56 52.6249
104 56 56.2591
108 56 59.8665
112 56 63.4392
116 56 66.9679
120 56 70.4425
124 56 73.852
128 56 77.185
132 56 80.4296
136 56 83.5741
140 56 86.6069
144 56 89.5171
148 56 92.2949
152 56 94.9311
156 56 97.4182
160 56 99.7499
164 56 101.922
168 56 103.93
172 56 105.773
176 56 107.452
180 56 108.967
184 56 110.321
188 56 111.519
192 56 112.564
196 56 113.464
200 56 114.225
0 60 0.172739
4 60 0.30624
8 60 0.375926
12 60 0.494781
16 60 0.659785
20 60 0.893476
24 60 1.23449
28 60 1.74896
32 60 2.53665
36 60 3.71182
40 60 5.36158
44 60 7.51082
48 60 10.1175
52 60 13.0956
56 60 16.3457
60 60 19.7789
64 60 23.3269
68 60 26.9424
72 60 30.5956
76 60 34.2687
80 60 37.9509
84 60 41.636
88 60 45.3195
92 60 48.9977
96 60 52.6664
100 60 56.321
104 60 59.9559
108 60 63.5643
112 60 67.1382
116 60 70.6686
120 60 74.1456
124 60 77.5582
128 60 80.8952
132 60 84.1449
136 60 87.2957
140 60 90.3364
144 60 93.2562
148 60 96.0453
152 60 98.695
156 60 101.198
160 60 103.548
164 60 105.74
168 60 107.772
172 60 109.642
176 60 111.349
180 60 112.897
184 60 114.286
188 60 115.522
192 60 116.609
196 60 117.554
200 60 118.363
0 64 0.351583
4 64 0.557275
8 64 0.690202
12 64 0.895119
16 64 1.17422
20 64 1.56071
24 64 2.10814
28 64 2.89829
32 64 4.03563
36 64 5.61574
40 64 7.68479
44 64 10.221
48 64 13.1484
52 64 16.3679
56 64 19.7855
60 64 23.3269
64 64 26.9406
68 64 30.5942
72 64 34.2685
76 64 37.9528
80 64 41.6409
84 64 45.3289
88 64 49.0139
92 64 52.6929
96 64 56.3621
100 64 60.0173
104 64 63.6528
108 64 67.2621
112 64 70.8372
116 64 74.3693
120 64 77.8486
124 64 81.2643
128 64 84.6052
132 64 87.86
136 64 91.0173
140 64 94.0658
144 64 96.9951
148 64 99.7957
152 64 102.459
156 64 104.977
160 64 107.345
164 64 109.558
168 64 111.614
172 64 113.51
176 64 115.247
180 64 116.826
184 64 118.251
188 64 119.526
192 64 120.655
196 64 121.644
200 64 122.501
0 68 0.641161
4 68 0.943725
8 68 1.16824
12 68 1.49335
16 68 1.9273
20 68 2.51413
24 68 3.3197
28 68 4.43298
32 68 5.94871
36 68 7.93051
40 68 10.3806
44 68 13.2397
48 68 16.414
52 68 19.8056
56 68 23.3341
60 68 26.9424
64 68 30.5942
68 68 34.2684
72 68 37.9535
76 68 41.6432
80 68 45.3339
84 68 49.0233
88 68 52.7089
92 68 56.3883
96 68 60.0579
100 68 63.7135
104 68 67.3496
108 68 70.9597
112 68 74.5361
116 68 78.0699
120 68 81.5514
124 68 84.9702
128 68 88.3152
132 68 91.5751
136 68 94.7387
140 68 97.7951
144 68 100.734
148 68 103.546
152 68 106.223
156 68 108.757
160 68 111.143
164 68 113.377
168 68 115.455
172 68 117.378
176 68 119.144
180 68 120.756
184 68 122.216
188 68 123.529
192 68 124.699
196 68 125.734
200 68 126.639
0 72 1.07502
4 72 1.50068
8 72 1.8476
12 72 2.32843
16 72 2.95713
20 72 3.78671
24 72 4.88999
28 72 6.35262
32 72 8.24744
36 72 10.6002
40 72 13.3744
44 72 16.4874
48 72 19.8413
52 72 23.3494
56 72 26.9479
60 72 30.5956
64 72 34.2685
68 72 37.9535
72 72 41.6438
76 72 45.336
80 72 49.028
84 72 52.7179
88 72 56.4039
92 72 60.0834
96 72 63.7533
100 72 67.4093
104 72 71.046
108 72 74.657
112 72 78.2346
116 72 81.7701
120 72 85.254
124 72 88.6758
128 72 92.0248
132 72 95.2898
136 72 98.4598
140 72 101.524
144 72 104.472
148 72 107.296
152 72 109.986
156 72 112.536
160 72 114.94
164 72 117.195
168 72 119.297
172 72 121.245
176 72 123.041
180 72 124.685
184 72 126.18
188 72 127.532
192 72 128.744
196 72 129.823
200 72 130.776
0 76 1.68482
4 76 2.2594
8 76 2.75947
12 76 3.42955
16 76 4.28767
20 76 5.39227
24 76 6.8161
28 76 8.63169
32 76 10.8826
36 76 13.5579
40 76 16.5932
44 76 19.8956
48 76 23.3742
52 76 26.9577
56 76 30.5985
60 76 34.2687
64 76 37.9528
68 76 41.6432
72 76 45.336
76 76 49.0294
80 76 52.7218
84 76 56.412
88 76 60.0982
92 76 63.7779
96 76 67.4481
100 76 71.1045
104 76 74.7417
108 76 78.3536
112 76 81.9324
116 76 85.4696
120 76 88.9558
124 76 92.3807
128 76 95.7337
132 76 99.0038
136 76 102.18
140 76 105.252
144 76 108.21
148 76 111.045
152 76 113.749
156 76 116.314
160 76 118.737
164 76 121.012
168 76 123.137
172 76 125.112
176 76 126.937
180 76 128.613
184 76 130.144
188 76 131.534
192 76 132.788
196 76 133.912
200 76 134.913
0 80 2.49739
4 80 3.24441
8 80 3.92567
12 80 4.81342
16 80 5.92705
20 80 7.32577
24 80 9.07522
28 80 11.2276
32 80 13.7953
36 80 16.7373
40 80 19.973
44 80 23.4108
48 80 26.9725
52 80 30.6029
56 80 34.2685
60 80 37.9509
64 80 41.6409
68 80 45.3339
72 80 49.028
76 80 52.7218
80 80 56.4145
84 80 60.1049
88 80 63.7911
92 80 67.4711
96 80 71.1415
100 80 74.7983
104 80 78.4361
108 80 82.0488
112 80 85.6289
116 80 89.1679
120 80 92.6564
124 80 96.0844
128 80 99.4414
132 80 102.717
136 80 105.899
140 80 108.979
144 80 111.947
148 80 114.793
152 80 117.51
156 80 120.092
160 80 122.532
164 80 124.828
168 80 126.977
172 80 128.978
176 80 130.832
180 80 132.54
184 80 134.106
188 80 135.534
192 80 136.83
196 80 137.998
200 80 139.047
0 84 3.53234
4 84 4.47149
8 84 5.35722
12 84 6.4837
16 84 7.86837
20 84 9.56643
24 84 11.6305
28 84 14.089
32 84 16.9258
36 84 20.079
40 84 23.4626
44 84 26.9936
48 84 30.6087
52 84 34.2674
56 84 37.9471
60 84 41.636
64 84 45.3289
68 84 49.0233
72 84 52.7179
76 84 56.412
80 84 60.1049
84 84 63.7953
88 84 67.4817
92 84 71.1618
96 84 74.8325
100 84 78.4897
104 84 82.1282
108 84 85.7418
112 84 89.3231
116 84 92.8638
120 84 96.3547
124 84 99.7858
128 84 103.147
132 84 106.427
136 84 109.616
140 84 112.704
144 84 115.681
148 84 118.539
152 84 121.27
156 84 123.867
160 84 126.325
164 84 128.642
168 84 130.814
172 84 132.842
176 84 134.725
180 84 136.465
184 84 138.066
188 84 139.533
192 84 140.869
196 84 142.082
200 84 143.177
0 88 4.80082
4 88 5.9469
8 88 7.05413
12 88 8.43182
16 88 10.0922
20 88 12.0821
24 88 14.4375
28 88 17.163
32 88 20.2196
36 88 23.534
40 88 27.0229
44 88 30.616
48 88 34.2644
52 88 37.9398
56 88 41.6271
60 88 45.3195
64 88 49.0139
68 88 52.7089
72 88 56.4039
76 88 60.0982
80 88 63.7911
84 88 67.4817
88 88 71.1683
92 88 74.8487
96 88 78.5197
100 88 82.1773
104 88 85.8164
108 88 89.4309
112 88 93.0136
116 88 96.5561
120 88 100.049
124 88 103.484
128 88 106.849
132 88 110.134
136 88 113.33
140 88 116.426
144 88 119.412
148 88 122.282
152 88 125.026
156 88 127.639
160 88 130.115
164 88 132.453
168 88 134.648
172 88 136.702
176 88 138.614
180 88 140.386
184 88 142.023
188 88 143.527
192 88 144.904
196 88 146.16
200 88 147.302
0 92 6.3051
4 92 7.66752
8 92 9.00636
12 92 10.6391
16 92 12.5697
20 92 14.8338
24 92 17.4493
28 92 20.3994
32 92 23.6296
36 92 27.063
40 92 30.6249
44 92 34.2582
48 92 37.927
52 92 41.6118
56 92 45.3034
60 92 48.9977
64 92 52.6929
68 92 56.3883
72 92 60.0834
76 92 63.7779
80 92 67.4711
84 92 71.1618
88 92 74.8487
92 92 78.5293
96 92 82.2007
100 92 85.8588
104 92 89.4987
108 92 93.1142
112 92 96.6981
116 92 100.242
120 92 103.738
124 92 107.176
128 92 110.545
132 92 113.836
136 92 117.038
140 92 120.142
144 92 123.138
148 92 126.019
152 92 128.776
156 92 131.405
160 92 133.9
164 92 136.258
168 92 138.477
172 92 140.557
176 92 142.498
180 92 144.302
184 92 145.973
188 92 147.514
192 92 148.932
196 92 150.231
200 92 151.418
0 96 8.03897
4 96 9.62174
8 96 11.1955
12 96 13.0791
16 96 15.2664
20 96 17.78
24 96 20.6203
28 96 23.7537
32 96 27.117
36 96 30.6361
40 96 34.2472
44 96 37.9059
48 96 41.5868
52 96 45.2771
56 96 48.9711
60 96 52.6664
64 96 56.3621
68 96 60.0579
72 96 63.7533
76 96 67.4481
80 96 71.1415
84 96 74.8325
88 96 78.5197
92 96 82.2007
96 96 85.8725
100 96 89.5313
104 96 93.1719
108 96 96.7885
112 96 100.374
116 96 103.92
120 96 107.418
124 96 110.859
128 96 114.233
132 96 117.529
136 96 120.738
140 96 123.85
144 96 126.856
148 96 129.748
152 96 132.519
156 96 135.164
160 96 137.677
164 96 140.056
168 96 142.298
172 96 144.404
176 96 146.373
180 96 148.209
184 96 149.914
188 96 151.492
192 96 152.949
196 96 154.29
200 96 155.521
0 100 9.98879
4 100 11.7909
8 100 13.5967
12 100 15.7204
16 100 18.1447
20 100 20.879
24 100 23.9084
28 100 27.1876
32 100 30.6503
36 100 34.2297
40 100 37.8733
44 100 41.5479
48 100 45.2361
52 100 48.9295
56 100 52.6249
60 100 56.321
64 100 60.0173
68 100 63.7135
72 100 67.4093
76 100 71.1045
80 100 74.7983
84 100 78.4897
88 100 82.1773
92 100 85.8588
96 100 89.5313
100 100 93.1907
104 100 96.8324
108 100 100.45
112 100 104.037
116 100 107.585
120 100 111.086
124 100 114.531
128 100 117.909
132 100 121.21
136 100 124.426
140 100 127.546
144 100 130.562
148 100 133.466
152 100 136.251
156 100 138.911
160 100 141.443
164 100 143.842
168 100 146.107
172 100 148.239
176 100 150.237
180 100 152.104
184 100 153.842
188 100 155.456
192 100 156.951
196 100 158.332
200 100 159.605
0 104 12.1347
4 104 14.1508
8 104 16.1805
12 104 18.5285
16 104 21.1664
20 104 24.0914
24 104 27.2762
28 104 30.6685
32 104 34.2042
36 104 37.8252
40 104 41.4899
44 104 45.1745
48 104 48.867
52 104 52.5625
56 104 56.2591
60 104 59.9559
64 104 63.6528
68 104 67.3496
72 104 71.046
76 104 74.7417
80 104 78.4361
84 104 82.1282
88 104 85.8164
92 104 89.4987
96 104 93.1719
100 104 96.8324
104 104 100.475
108 104 104.094
112 104 107.683
116 104 111.234
120 104 114.738
124 104 118.185
128 104 121.568
132 104 124.875
136 104 128.097
140 104 131.226
144 104 134.252
148 104 137.168
152 104 139.967
156 104 142.643
160 104 145.193
164 104 147.613
168 104 149.901
172 104 152.058
176 104 154.084
180 104 155.981
184 104 157.752
188 104 159.401
192 104 160.933
196 104 162.352
200 104 163.664
0 108 14.4523
4 108 16.6734
8 108 18.9148
12 108 21.468
16 108 24.2945
20 108 27.3806
24 108 30.6905
28 108 34.1692
32 108 37.7575
36 108 41.4068
40 108 45.0853
44 108 48.7762
48 108 52.4717
52 108 56.1689
56 108 59.8665
60 108 63.5643
64 108 67.2621
68 108 70.9597
72 108 74.657
76 108 78.3536
80 108 82.0488
84 108 85.7418
88 108 89.4309
92 108 93.1142
96 108 96.7885
100 108 100.45
104 108 104.094
108 108 107.715
112 108 111.306
116 108 114.859
120 108 118.366
124 108 121.818
128 108 125.205
132 108 128.518
136 108 131.748
140 108 134.885
144 108 137.921
148 108 140.849
152 108 143.662
156 108 146.355
160 108 148.923
164 108 151.363
168 108 153.674
172 108 155.856
176 108 157.91
180 108 159.836
184 108 161.638
188 108 163.32
192 108 164.886
196 108 166.341
200 108 167.689
0 112 16.9135
4 112 19.3278
8 112 21.7661
12 112 24.5038
16 112 27.4936
20 112 30.7137
24 112 34.1226
28 112 37.6662
32 112 41.292
36 112 44.9605
40 112 48.6483
44 112 52.3436
48 112 56.0415
52 112 59.7402
56 112 63.4392
60 112 67.1382
64 112 70.8372
68 112 74.5361
72 112 78.2346
76 112 81.9324
80 112 85.6289
84 112 89.3231
88 112 93.0136
92 112 96.6981
96 112 100.374
100 112 104.037
104 112 107.683
108 112 111.306
112 112 114.899
116 112 118.455
120 112 121.966
124 112 125.422
128 112 128.814
132 112 132.134
136 112 135.371
140 112 138.517
144 112 141.564
148 112 144.504
152 112 147.331
156 112 150.04
160 112 152.626
164 112 155.087
168 112 157.42
172 112 159.627
176 112 161.707
180 112 163.661
184 112 165.493
188 112 167.206
192 112 168.804
196 112 170.29
200 112 171.67
0 116 19.4883
4 116 22.0822
8 116 24.7008
12 116 27.6015
16 116 30.7308
20 116 34.0606
24 116 37.547
28 116 41.1389
32 116 44.7913
36 116 48.4733
40 116 52.1676
44 116 55.8663
48 116 59.5665
52 116 63.2672
56 116 66.9679
60 116 70.6686
64 116 74.3693
68 116 78.0699
72 116 81.7701
76 116 85.4696
80 116 89.1679
84 116 92.8638
88 116 96.5561
92 116 100.242
96 116 103.92
100 116 107.585
104 116 111.234
108 116 114.859
112 116 118.455
116 116 122.015
120 116 125.529
124 116 128.99
128 116 132.388
132 116 135.714
136 116 138.959
140 116 142.115
144 116 145.172
148 116 148.125
152 116 150.967
156 116 153.691
160 116 156.296
164 116 158.777
168 116 161.132
172 116 163.363
176 116 165.468
180 116 167.449
184 116 169.308
188 116 171.049
192 116 172.675
196 116 174.19
200 116 175.597
0 120 22.1457
4 120 24.9042
8 120 27.6859
12 120 30.729
16 120 33.9758
20 120 37.3944
24 120 40.9409
28 120 44.5687
32 120 48.2404
36 120 51.9321
40 120 55.6315
44 120 59.3336
48 120 63.0364
52 120 66.7394
56 120 70.4425
60 120 74.1456
64 120 77.8486
68 120 81.5514
72 120 85.254
76 120 88.9558
80 120 92.6564
84 120 96.3547
88 120 100.049
92 120 103.738
96 120 107.418
100 120 111.086
104 120 114.738
108 120 118.366
112 120 121.966
116 120 125.529
120 120 129.048
124 120 132.515
128 120 135.919
132 120 139.252
136 120 142.506
140 120 145.671
144 120 148.74
148 120 151.705
152 120 154.561
156 120 157.303
160 120 159.925
164 120 162.426
168 120 164.803
172 120 167.055
176 120 169.184
180 120 171.19
184 120 173.074
188 120 174.84
192 120 176.491
196 120 178.029
200 120 179.457
0 124 24.8543
4 124 27.7619
8 124 30.6895
12 124 33.8556
16 124 37.2006
20 124 40.6907
24 124 44.2836
28 124 47.9384
32 124 51.6245
36 124 55.3239
40 124 59.028
44 124 62.7337
48 124 66.4397
52 124 70.1459
56 124 73.852
60 124 77.5582
64 124 81.2643
68 124 84.9702
72 124 88.6758
76 124 92.3807
80 124 96.0844
84 124 99.7858
88 124 103.484
92 124 107.176
96 124 110.859
100 124 114.531
104 124 118.185
108 124 121.818
112 124 125.422
116 124 128.99
120 124 132.515
124 124 135.987
128 124 139.398
132 124 142.739
136 124 146.002
140 124 149.177
144 124 152.258
148 124 155.237
152 124 158.108
156 124 160.865
160 124 163.505
164 124 166.025
168 124 168.422
172 124 170.696
176 124 172.847
180 124 174.875
184 124 176.781
188 124 178.568
192 124 180.238
196 124 181.794
200 124 183.237
0 128 27.5836
4 128 30.6244
8 128 33.6816
12 128 36.9531
16 128 40.3796
20 128 43.9271
24 128 47.5563
28 128 51.2318
32 128 54.9293
36 128 58.6356
40 128 62.3447
44 128 66.0546
48 128 69.7647
52 128 73.4749
56 128 77.185
60 128 80.8952
64 128 84.6052
68 128 88.3152
72 128 92.0248
76 128 95.7337
80 128 99.4414
84 128 103.147
88 128 106.849
92 128 110.545
96 128 114.233
100 128 117.909
104 128 121.568
108 128 125.205
112 128 128.814
116 128 132.388
120 128 135.919
124 128 139.398
128 128 142.817
132 128 146.167
136 128 149.439
140 128 152.626
144 128 155.719
148 128 158.711
152 128 161.597
156 128 164.37
160 128 167.028
164 128 169.566
168 128 171.982
172 128 174.275
176 128 176.445
180 128 178.492
184 128 180.417
188 128 182.22
192 128 183.905
196 128 185.472
200 128 186.923
0 132 30.3037
4 132 33.4624
8 132 36.634
12 132 39.9955
16 132 43.4896
20 132 47.0834
24 132 50.7413
28 132 54.4335
32 132 58.1409
36 132 61.854
40 132 65.5687
44 132 69.2839
48 132 72.9991
52 132 76.7144
56 132 80.4296
60 132 84.1449
64 132 87.86
68 132 91.5751
72 132 95.2898
76 132 99.0038
80 132 102.717
84 132 106.427
88 132 110.134
92 132 113.836
96 132 117.529
100 132 121.21
104 132 124.875
108 132 128.518
112 132 132.134
116 132 135.714
120 132 139.252
124 132 142.739
128 132 146.167
132 132 149.526
136 132 152.809
140 132 156.008
144 132 159.113
148 132 162.12
152 132 165.02
156 132 167.81
160 132 170.484
164 132 173.039
168 132 175.473
172 132 177.783
176 132 179.97
180 132 182.032
184 132 183.97
188 132 185.785
192 132 187.477
196 132 189.048
200 132 190.5
0 136 32.9866
4 136 36.2483
8 136 39.5206
12 136 42.9588
16 136 46.5092
20 136 50.1409
24 136 53.8223
28 136 57.5288
32 136 61.2457
36 136 64.9661
40 136 68.6875
44 136 72.4091
48 136 76.1308
52 136 79.8524
56 136 83.5741
60 136 87.2957
64 136 91.0173
68 136 94.7387
72 136 98.4598
76 136 102.18
80 136 105.899
84 136 109.616
88 136 113.33
92 136 117.038
96 136 120.738
100 136 124.426
104 136 128.097
108 136 131.748
112 136 135.371
116 136 138.959
120 136 142.506
124 136 146.002
128 136 149.439
132 136 152.809
136 136 156.104
140 136 159.314
144 136 162.433
148 136 165.454
152 136 168.369
156 136 171.174
160 136 173.864
164 136 176.435
168 136 178.884
172 136 181.209
176 136 183.409
180 136 185.482
184 136 187.428
188 136 189.248
192 136 190.942
196 136 192.51
200 136 193.953
0 140 35.6062
4 140 38.9569
8 140 42.3177
12 140 45.8215
16 140 49.4192
20 140 53.0826
24 140 56.7842
28 140 60.5039
32 140 64.2306
36 140 67.9595
40 140 71.6888
44 140 75.4183
48 140 79.1479
52 140 82.8774
56 140 86.6069
60 140 90.3364
64 140 94.0658
68 140 97.7951
72 140 101.524
76 140 105.252
80 140 108.979
84 140 112.704
88 140 116.426
92 140 120.142
96 140 123.85
100 140 127.546
104 140 131.226
108 140 134.885
112 140 138.517
116 140 142.115
120 140 145.671
124 140 149.177
128 140 152.626
132 140 156.008
136 140 159.314
140 140 162.538
144 140 165.671
148 140 168.705
152 140 171.635
156 140 174.455
160 140 177.159
164 140 179.744
168 140 182.206
172 140 184.542
176 140 186.751
180 140 188.83
184 140 190.779
188 140 192.597
192 140 194.285
196 140 195.841
200 140 197.266
0 144 38.1384
4 144 41.565
8 144 45.0037
12 144 48.5642
16 144 52.2023
20 144 55.8932
24 144 59.613
28 144 63.3458
32 144 67.0832
36 144 70.822
40 144 74.561
44 144 78.3
48 144 82.0391
52 144 85.7781
56 144 89.5171
60 144 93.2562
64 144 96.9951
68 144 100.734
72 144 104.472
76 144 108.21
80 144 111.947
84 144 115.681
88 144 119.412
92 144 123.138
96 144 126.856
100 144 130.562
104 144 134.252
108 144 137.921
112 144 141.564
116 144 145.172
120 144 148.74
124 144 152.258
128 144 155.719
132 144 159.113
136 144 162.433
140 144 165.671
144 144 168.817
148 144 171.866
152 144 174.81
156 144 177.643
160 144 180.36
164 144 182.957
168 144 185.428
172 144 187.772
176 144 189.984
180 144 192.064
184 144 194.01
188 144 195.819
192 144 197.492
196 144 199.028
200 144 200.426
0 148 40.5613
4 148 44.0519
8 148 47.5598
12 148 51.1696
16 148 54.8432
20 148 58.5588
24 148 62.2962
28 148 66.0428
32 148 69.7923
36 148 73.5426
40 148 77.2931
44 148 81.0435
48 148 84.794
52 148 88.5444
56 148 92.2949
60 148 96.0453
64 148 99.7957
68 148 103.546
72 148 107.296
76 148 111.045
80 148 114.793
84 148 118.539
88 148 122.282
92 148 126.019
96 148 129.748
100 148 133.466
104 148 137.168
108 148 140.849
112 148 144.504
116 148 148.125
120 148 151.705
124 148 155.237
128 148 158.711
132 148 162.12
136 148 165.454
140 148 168.705
144 148 171.866
148 148 174.929
152 148 177.886
156 148 180.731
160 148 183.459
164 148 186.064
168 148 188.541
172 148 190.887
176 148 193.099
180 148 195.173
184 148 197.108
188 148 198.9
192 148 200.55
196 148 202.056
200 148 203.417
0 152 42.8557
4 152 46.3994
8 152 49.9691
12 152 53.6229
16 152 57.3287
20 152 61.0675
24 152 64.8227
28 152 68.5842
32 152 72.3477
36 152 76.1115
40 152 79.8754
44 152 83.6394
48 152 87.4033
52 152 91.1672
56 152 94.9311
60 152 98.695
64 152 102.459
68 152 106.223
72 152 109.986
76 152 113.749
80 152 117.51
84 152 121.27
88 152 125.026
92 152 128.776
96 152 132.519
100 152 136.251
104 152 139.967
108 152 143.662
112 152 147.331
116 152 150.967
120 152 154.561
124 152 158.108
128 152 161.597
132 152 165.02
136 152 168.369
140 152 171.635
144 152 174.81
148 152 177.886
152 152 180.855
156 152 183.711
160 152 186.446
164 152 189.056
168 152 191.535
172 152 193.879
176 152 196.083
180 152 198.145
184 152 200.061
188 152 201.828
192 152 203.446
196 152 204.912
200 152 206.226
0 156 45.0047
4 156 48.5921
8 156 52.2177
12 156 55.9114
16 156 59.6472
20 156 63.409
24 156 67.1828
28 156 70.961
32 156 74.7404
36 156 78.52
40 156 82.2997
44 156 86.0793
48 156 89.859
52 156 93.6386
56 156 97.4182
60 156 101.198
64 156 104.977
68 156 108.757
72 156 112.536
76 156 116.314
80 156 120.092
84 156 123.867
88 156 127.639
92 156 131.405
96 156 135.164
100 156 138.911
104 156 142.643
108 156 146.355
112 156 150.04
116 156 153.691
120 156 157.303
124 156 160.865
128 156 164.37
132 156 167.81
136 156 171.174
140 156 174.455
144 156 177.643
148 156 180.731
152 156 183.711
156 156 186.574
160 156 189.314
164 156 191.925
168 156 194.401
172 156 196.736
176 156 198.926
180 156 200.968
184 156 202.857
188 156 204.591
192 156 206.167
196 156 207.584
200 156 208.84
0 160 46.9943
4 160 50.6167
8 160 54.2938
12 160 58.0248
16 160 61.7897
20 160 65.5748
24 160 69.3688
28 160 73.1657
32 160 76.9634
36 160 80.7611
40 160 84.5589
44 160 88.3567
48 160 92.1544
52 160 95.9522
56 160 99.7499
60 160 103.548
64 160 107.345
68 160 111.143
72 160 114.94
76 160 118.737
80 160 122.532
84 160 126.325
88 160 130.115
92 160 133.9
96 160 137.677
100 160 141.443
104 160 145.193
108 160 148.923
112 160 152.626
116 160 156.296
120 160 159.925
124 160 163.505
128 160 167.028
132 160 170.484
136 160 173.864
140 160 177.159
144 160 180.36
148 160 183.459
152 160 186.446
156 160 189.314
160 160 192.055
164 160 194.662
168 160 197.129
172 160 199.45
176 160 201.619
180 160 203.632
184 160 205.486
188 160 207.177
192 160 208.702
196 160 210.06
200 160 211.25
0 164 48.8127
4 164 52.463
8 164 56.188
12 164 59.9549
16 164 63.7487
20 164 67.5583
24 164 71.3743
28 164 75.1924
32 164 79.0108
36 164 82.8292
40 164 86.6477
44 164 90.4662
48 164 94.2846
52 164 98.1031
56 164 101.922
60 164 105.74
64 164 109.558
68 164 113.377
72 164 117.195
76 164 121.012
80 164 124.828
84 164 128.642
88 164 132.453
92 164 136.258
96 164 140.056
100 164 143.842
104 164 147.613
108 164 151.363
112 164 155.087
116 164 158.777
120 164 162.426
124 164 166.025
128 164 169.566
132 164 173.039
136 164 176.435
140 164 179.744
144 164 182.957
148 164 186.064
152 164 189.056
156 164 191.925
160 164 194.662
164 164 197.26
168 164 199.712
172 164 202.011
176 164 204.151
180 164 206.128
184 164 207.938
188 164 209.576
192 164 211.041
196 164 212.331
200 164 213.444
0 168 50.4508
4 168 54.1227
8 168 57.8934
12 168 61.6955
16 168 65.519
20 168 69.3547
24 168 73.1951
28 168 77.0367
32 168 80.8786
36 168 84.7205
40 168 88.5624
44 168 92.4043
48 168 96.2462
52 168 100.088
56 168 103.93
60 168 107.772
64 168 111.614
68 168 115.455
72 168 119.297
76 168 123.137
80 168 126.977
84 168 130.814
88 168 134.648
92 168 138.477
96 168 142.298
100 168 146.107
104 168 149.901
108 168 153.674
112 168 157.42
116 168 161.132
120 168 164.803
124 168 168.422
128 168 171.982
132 168 175.473
136 168 178.884
140 168 182.206
144 168 185.428
148 168 188.541
152 168 191.535
156 168 194.401
160 168 197.129
164 168 199.712
168 168 202.141
172 168 204.411
176 168 206.515
180 168 208.447
184 168 210.203
188 168 211.78
192 168 213.175
196 168 214.387
200 168 215.415
0 172 51.9019
4 172 55.5904
8 172 59.4054
12 172 63.2428
16 172 67.0972
20 172 70.9611
24 172 74.8284
28 172 78.6964
32 172 82.5646
36 172 86.4327
40 172 90.3009
44 172 94.169
48 172 98.0372
52 172 101.905
56 172 105.773
60 172 109.642
64 172 113.51
68 172 117.378
72 172 121.245
76 172 125.112
80 172 128.978
84 172 132.842
88 172 136.702
92 172 140.557
96 172 144.404
100 172 148.239
104 172 152.058
108 172 155.856
112 172 159.627
116 172 163.363
120 172 167.055
124 172 170.696
128 172 174.275
132 172 177.783
136 172 181.209
140 172 184.542
144 172 187.772
148 172 190.887
152 172 193.879
156 172 196.736
160 172 199.45
164 172 202.011
168 172 204.411
172 172 206.644
176 172 208.702
180 172 210.58
184 172 212.274
188 172 213.781
192 172 215.097
196 172 216.222
200 172 217.156
0 176 53.1616
4 176 56.8625
8 176 60.7211
12 176 64.5947
16 176 68.4818
20 176 72.3763
24 176 76.2731
28 176 80.1705
32 176 84.0678
36 176 87.9652
40 176 91.8626
44 176 95.7599
48 176 99.6573
52 176 103.555
56 176 107.452
60 176 111.349
64 176 115.247
68 176 119.144
72 176 123.041
76 176 126.937
80 176 130.832
84 176 134.725
88 176 138.614
92 176 142.498
96 176 146.373
100 176 150.237
104 176 154.084
108 176 157.91
112 176 161.707
116 176 165.468
120 176 169.184
124 176 172.847
128 176 176.445
132 176 179.97
136 176 183.409
140 176 186.751
144 176 189.984
148 176 193.099
152 176 196.083
156 176 198.926
160 176 201.619
164 176 204.151
168 176 206.515
172 176 208.702
176 176 210.706
180 176 212.522
184 176 214.145
188 176 215.572
192 176 216.801
196 176 217.831
200 176 218.663
0 180 54.2277
4 180 57.9378
8 180 61.8402
12 180 65.7512
16 180 69.6731
20 180 73.6008
24 180 77.5301
28 180 81.4597
32 180 85.3894
36 180 89.319
40 180 93.2486
44 180 97.1782
48 180 101.108
52 180 105.037
56 180 108.967
60 180 112.897
64 180 116.826
68 180 120.756
72 180 124.685
76 180 128.613
80 180 132.54
84 180 136.465
88 180 140.386
92 180 144.302
96 180 148.209
100 180 152.104
104 180 155.981
108 180 159.836
112 180 163.661
116 180 167.449
120 180 171.19
124 180 174.875
128 180 178.492
132 180 182.032
136 180 185.482
140 180 188.83
144 180 192.064
148 180 195.173
152 180 198.145
156 180 200.968
160 180 203.632
164 180 206.128
168 180 208.447
172 180 210.58
176 180 212.522
180 180 214.266
184 180 215.81
188 180 217.149
192 180 218.283
196 180 219.21
200 180 219.934
0 184 55.1
4 184 58.817
8 184 62.7636
12 184 66.7138
16 184 70.6729
20 184 74.6366
24 184 78.6015
28 184 82.5665
32 184 86.5314
36 184 90.4964
40 184 94.4614
44 184 98.4264
48 184 102.391
52 184 106.356
56 184 110.321
60 184 114.286
64 184 118.251
68 184 122.216
72 184 126.18
76 184 130.144
80 184 134.106
84 184 138.066
88 184 142.023
92 184 145.973
96 184 149.914
100 184 153.842
104 184 157.752
108 184 161.638
112 184 165.493
116 184 169.308
120 184 173.074
124 184 176.781
128 184 180.417
132 184 183.97
136 184 187.428
140 184 190.779
144 184 194.01
148 184 197.108
152 184 200.061
156 184 202.857
160 184 205.486
164 184 207.938
168 184 210.203
172 184 212.274
176 184 214.145
180 184 215.81
184 184 217.265
188 184 218.509
192 184 219.54
196 184 220.358
200 184 220.967
0 188 55.7803
4 188 59.5024
8 188 63.4943
12 188 67.4857
16 188 71.4846
20 188 75.4873
24 188 79.4907
28 188 83.4942
32 188 87.4977
36 188 91.5012
40 188 95.5047
44 188 99.5082
48 188 103.512
52 188 107.515
56 188 111.519
60 188 115.522
64 188 119.526
68 188 123.529
72 188 127.532
76 188 131.534
80 188 135.534
84 188 139.533
88 188 143.527
92 188 147.514
96 188 151.492
100 188 155.456
104 188 159.401
108 188 163.32
112 188 167.206
116 188 171.049
120 188 174.84
124 188 178.568
128 188 182.22
132 188 185.785
136 188 189.248
140 188 192.597
144 188 195.819
148 188 198.9
152 188 201.828
156 188 204.591
160 188 207.177
164 188 209.576
168 188 211.78
172 188 213.781
176 188 215.572
180 188 217.149
184 188 218.509
188 188 219.649
192 188 220.571
196 188 221.275
200 188 221.764
0 192 56.2716
4 192 59.9979
8 192 64.0366
12 192 68.0714
16 192 72.1129
20 192 76.1575
24 192 80.2027
28 192 84.248
32 192 88.2932
36 192 92.3384
40 192 96.3835
44 192 100.429
48 192 104.474
52 192 108.519
56 192 112.564
60 192 116.609
64 192 120.655
68 192 124.699
72 192 128.744
76 192 132.788
80 192 136.83
84 192 140.869
88 192 144.904
92 192 148.932
96 192 152.949
100 192 156.951
104 192 160.933
108 192 164.886
112 192 168.804
116 192 172.675
120 192 176.491
124 192 180.238
128 192 183.905
132 192 187.477
136 192 190.942
140 192 194.285
144 192 197.492
148 192 200.55
152 192 203.446
156 192 206.167
160 192 208.702
164 192 211.041
168 192 213.175
172 192 215.097
176 192 216.801
180 192 218.283
184 192 219.54
188 192 220.571
192 192 221.378
196 192 221.962
200 192 222.327
0 196 56.5789
4 196 60.309
8 196 64.396
12 196 68.4767
16 196 72.5635
20 196 76.6533
24 196 80.7434
28 196 84.8335
32 196 88.9236
36 196 93.0137
40 196 97.1038
44 196 101.194
48 196 105.284
52 196 109.374
56 196 113.464
60 196 117.554
64 196 121.644
68 196 125.734
72 196 129.823
76 196 133.912
80 196 137.998
84 196 142.082
88 196 146.16
92 196 150.231
96 196 154.29
100 196 158.332
104 196 162.352
108 196 166.341
112 196 170.29
116 196 174.19
120 196 178.029
124 196 181.794
128 196 185.472
132 196 189.048
136 196 192.51
140 196 195.841
144 196 199.028
148 196 202.056
152 196 204.912
156 196 207.584
160 196 210.06
164 196 212.331
168 196 214.387
172 196 216.222
176 196 217.831
180 196 219.21
184 196 220.358
188 196 221.275
192 196 221.962
196 196 222.423
200 196 222.662
0 200 56.7081
4 200 60.442
8 200 64.5792
12 200 68.7082
16 200 72.8434
20 200 76.9813
24 200 81.1196
28 200 85.2578
32 200 89.396
36 200 93.5342
40 200 97.6724
44 200 101.811
48 200 105.949
52 200 110.087
56 200 114.225
60 200 118.363
64 200 122.501
68 200 126.639
72 200 130.776
76 200 134.913
80 200 139.047
84 200 143.177
88 200 147.302
92 200 151.418
96 200 155.521
100 200 159.605
104 200 163.664
108 200 167.689
112 200 171.67
116 200 175.597
120 200 179.457
124 200 183.237
128 200 186.923
132 200 190.5
136 200 193.953
140 200 197.266
144 200 200.426
148 200 203.417
152 200 206.226
156 200 208.84
160 200 211.25
164 200 213.444
168 200 215.415
172 200 217.156
176 200 218.663
180 200 219.934
184 200 220.967
188 200 221.764
192 200 222.327
196 200 222.662
200 200 222.777
