0 0 4.25102e-011
4 0 -6.88557e-011
8 0 -3.42977e-008
12 0 2.48066e-007
16 0 -6.24111e-007
20 0 -2.56125e-005
24 0 -0.000153685
28 0 -0.000533495
32 0 -0.00132899
36 0 -0.00249649
40 0 -0.00320632
44 0 -0.00074786
48 0 0.0110124
52 0 0.0432212
56 0 0.113086
60 0 0.243877
64 0 0.463691
68 0 0.803194
72 0 1.29279
76 0 1.95979
80 0 2.82603
84 0 3.90624
88 0 5.20725
92 0 6.72795
96 0 8.45985
100 0 10.3881
104 0 12.4925
108 0 14.7491
112 0 17.131
116 0 19.6096
120 0 22.1557
124 0 24.7399
128 0 27.3337
132 0 29.9097
136 0 32.4421
140 0 34.9071
144 0 37.283
148 0 39.5503
152 0 41.692
156 0 43.6934
160 0 45.5423
164 0 47.229
168 0 48.7458
172 0 50.0875
176 0 51.2508
180 0 52.2343
184 0 53.0385
188 0 53.6654
192 0 54.1182
196 0 54.4017
200 0 54.5215
0 4 -6.88557e-011
4 4 1.6375e-008
8 4 -1.49486e-008
12 4 -3.557e-007
16 4 4.12436e-006
20 4 4.32963e-005
24 4 0.000189052
28 4 0.000556771
32 4 0.00135158
36 4 0.00314647
40 4 0.007655
44 4 0.0191284
48 4 0.0461533
52 4 0.103267
56 4 0.211705
60 4 0.398828
64 4 0.696208
68 4 1.13676
72 4 1.75157
76 4 2.5669
80 4 3.60206
84 4 4.86806
88 4 6.36728
92 4 8.09385
96 4 10.0346
100 4 12.1703
104 4 14.4771
108 4 16.9279
112 4 19.4932
116 4 22.1429
120 4 24.8465
124 4 27.5741
128 4 30.2969
132 4 32.9879
136 4 35.6216
140 4 38.1749
144 4 40.627
148 4 42.9594
152 4 45.156
156 4 47.2034
160 4 49.0903
164 4 50.808
168 4 52.35
172 4 53.7118
176 4 54.8913
180 4 55.8876
184 4 56.7022
188 4 57.3375
192 4 57.7976
196 4 58.0876
200 4 58.2135
0 8 -3.42977e-008
4 8 -1.49486e-008
8 8 1.40329e-007
12 8 -1.11078e-007
16 8 -5.27491e-006
20 8 -2.95392e-005
24 8 -9.313e-005
28 8 -0.000204308
32 8 -0.000257765
36 8 0.000383124
40 8 0.00394324
44 8 0.0160394
48 8 0.0478495
52 8 0.117842
56 8 0.252228
60 8 0.483708
64 8 0.848659
68 8 1.38342
72 8 2.12051
76 8 3.08546
80 8 4.29473
84 8 5.75493
88 8 7.46295
92 8 9.40703
96 8 11.5682
100 8 13.9221
104 8 16.4404
108 8 19.0925
112 8 21.8466
116 8 24.671
120 8 27.5343
124 8 30.4067
128 8 33.2598
132 8 36.0674
136 8 38.8053
140 8 41.4515
144 8 43.9867
148 8 46.3936
152 8 48.6576
156 8 50.7664
160 8 52.71
164 8 54.4807
168 8 56.073
172 8 57.4833
176 8 58.71
180 8 59.7532
184 8 60.6146
188 8 61.2971
192 8 61.8052
196 8 62.1443
200 8 62.3205
0 12 2.48066e-007
4 12 -3.557e-007
8 12 -1.11078e-007
12 12 7.1314e-007
16 12 2.31381e-006
20 12 6.40297e-006
24 12 6.38857e-006
28 12 -3.65432e-006
32 12 9.83699e-005
36 12 0.0011351
40 12 0.00605297
44 12 0.0222567
48 12 0.064241
52 12 0.155405
56 12 0.328027
60 12 0.621026
64 12 1.07596
68 12 1.73224
72 12 2.62274
76 12 3.7705
80 12 5.18714
84 12 6.87268
88 12 8.81666
92 12 11
96 12 13.3969
100 12 15.9775
104 12 18.7092
108 12 21.5584
112 12 24.4917
116 12 27.4766
120 12 30.4822
124 12 33.4796
128 12 36.4418
132 12 39.3442
136 12 42.1643
140 12 44.8822
144 12 47.4801
148 12 49.9426
152 12 52.2565
156 12 54.4108
160 12 56.3969
164 12 58.2081
168 12 59.8398
172 12 61.2891
176 12 62.555
180 12 63.6382
184 12 64.5408
188 12 65.2661
192 12 65.8186
196 12 66.2041
200 12 66.4287
0 16 -6.24111e-007
4 16 4.12436e-006
8 16 -5.27491e-006
12 16 2.31381e-006
16 16 -7.70674e-008
20 16 1.44676e-006
24 16 4.34647e-006
28 16 1.18166e-005
32 16 0.000203527
36 16 0.00172232
40 16 0.00859785
44 16 0.0307763
48 16 0.0872859
52 16 0.207999
56 16 0.432763
60 16 0.807703
64 16 1.3796
68 16 2.18987
72 16 3.26964
76 16 4.63677
80 16 6.2951
84 16 8.23553
88 16 10.4383
92 16 12.8759
96 16 15.5155
100 16 18.3221
104 16 21.2596
108 16 24.2928
112 16 27.3879
116 16 30.5133
120 16 33.6395
124 16 36.7396
128 16 39.7888
132 16 42.7649
136 16 45.6477
140 16 48.4192
144 16 51.0637
148 16 53.5673
152 16 55.9186
156 16 58.1077
160 16 60.1271
164 16 61.971
168 16 63.6355
172 16 65.1184
176 16 66.4193
180 16 67.5392
184 16 68.4804
188 16 69.2465
192 16 69.8424
196 16 70.2736
200 16 70.5466
0 20 -2.56125e-005
4 20 4.32963e-005
8 20 -2.95392e-005
12 20 6.40297e-006
16 20 1.44676e-006
20 20 -3.42679e-008
24 20 -4.15543e-007
28 20 6.15572e-006
32 20 0.000283101
36 20 0.00246682
40 20 0.0122107
44 20 0.0431484
48 20 0.12066
52 20 0.283294
56 20 0.580395
60 20 1.06614
64 20 1.79175
68 20 2.79815
72 20 4.11103
76 20 5.73893
80 20 7.67421
84 20 9.8959
88 20 12.3735
92 20 15.0708
96 20 17.9489
100 20 20.969
104 20 24.0935
108 20 27.2875
112 20 30.5188
116 20 33.758
120 20 36.9786
124 20 40.1563
128 20 43.2694
132 20 46.2983
136 20 49.2251
140 20 52.034
144 20 54.7112
148 20 57.2443
152 20 59.623
156 20 61.8387
160 20 63.8846
164 20 65.7557
168 20 67.4487
172 20 68.9618
176 20 70.2949
180 20 71.4493
184 20 72.4275
188 20 73.2333
192 20 73.8716
196 20 74.3481
200 20 74.6694
0 24 -0.000153685
4 24 0.000189052
8 24 -9.313e-005
12 24 6.38857e-006
16 24 4.34647e-006
20 24 -4.15543e-007
24 24 -3.92379e-006
28 24 1.71914e-006
32 24 0.000408445
36 24 0.00361769
40 24 0.017782
44 24 0.0621206
48 24 0.171304
52 24 0.395763
56 24 0.79643
60 24 1.43526
64 24 2.36484
68 24 3.62046
72 24 5.21637
76 24 7.14647
80 24 9.38788
84 24 11.9061
88 24 14.6601
92 24 17.6065
96 24 20.703
100 24 23.9097
104 24 27.1905
108 24 30.5131
112 24 33.8486
116 24 37.1713
120 24 40.4584
124 24 43.6891
128 24 46.8446
132 24 49.9079
136 24 52.8634
140 24 55.697
144 24 58.3964
148 24 60.9506
152 24 63.3501
156 24 65.5871
160 24 67.6554
164 24 69.5506
168 24 71.2695
172 24 72.8109
176 24 74.1747
180 24 75.3625
184 24 76.377
188 24 77.2219
192 24 77.9023
196 24 78.4239
200 24 78.7931
0 28 -0.000533495
4 28 0.000556771
8 28 -0.000204308
12 28 -3.65432e-006
16 28 1.18166e-005
20 28 6.15572e-006
24 28 1.71914e-006
28 28 9.36947e-006
32 28 0.000623125
36 28 0.00555332
40 28 0.0272619
44 28 0.0941795
48 28 0.254984
52 28 0.575671
56 28 1.12911
60 28 1.98106
64 28 3.17821
68 28 4.7417
72 28 6.6671
76 28 8.92899
80 28 11.4878
84 28 14.2966
88 28 17.3069
92 28 20.4724
96 28 23.751
100 28 27.1056
104 28 30.5042
108 28 33.919
112 28 37.3258
116 28 40.7034
120 28 44.0326
124 28 47.2958
128 28 50.477
132 28 53.5613
136 28 56.5348
140 28 59.3849
144 28 62.1002
148 28 64.6705
152 28 67.0871
156 28 69.3426
160 28 71.4313
164 28 73.349
168 28 75.0928
172 28 76.6617
176 28 78.0557
180 28 79.2765
184 28 80.3269
188 28 81.2108
192 28 81.9331
196 28 82.4997
200 28 82.917
0 32 -0.00132899
4 32 0.00135158
8 32 -0.000257765
12 32 9.83699e-005
16 32 0.000203527
20 32 0.000283101
24 32 0.000408445
28 32 0.000623125
32 32 0.00203875
36 32 0.0112795
40 32 0.049187
44 32 0.159536
48 32 0.410376
52 32 0.884245
56 32 1.66079
60 32 2.79966
64 32 4.33027
68 32 6.25038
72 32 8.53171
76 32 11.1289
80 32 13.9885
84 32 17.0563
88 32 20.282
92 32 23.6211
96 32 27.0361
100 32 30.4956
104 32 33.9734
108 32 37.4473
112 32 40.8978
116 32 44.3076
120 32 47.6608
124 32 50.9426
128 32 54.1387
132 32 57.2359
136 32 60.2214
140 32 63.0835
144 32 65.8114
148 32 68.3956
152 32 70.8276
156 32 73.1005
160 32 75.2088
164 32 77.1484
168 32 78.9167
172 32 80.5128
176 32 81.9369
180 32 83.1907
184 32 84.2769
188 32 85.1997
192 32 85.964
196 32 86.5755
200 32 87.0408
0 36 -0.00249649
4 36 0.00314647
8 36 0.000383124
12 36 0.0011351
16 36 0.00172232
20 36 0.00246682
24 36 0.00361769
28 36 0.00555332
32 36 0.0112795
36 36 0.0344122
40 36 0.111182
44 36 0.307508
48 36 0.71245
52 36 1.41877
56 36 2.50024
60 36 3.99621
64 36 5.90784
68 36 8.20441
72 36 10.8346
76 36 13.7383
80 36 16.8552
84 36 20.1309
88 36 23.5189
92 36 26.9815
96 36 30.4882
100 36 34.0144
104 36 37.54
108 36 41.0477
112 36 44.5223
116 36 47.9496
120 36 51.3159
124 36 54.6081
128 36 57.8133
132 36 60.9192
136 36 63.9138
140 36 66.7859
144 36 69.5251
148 36 72.1222
152 36 74.5691
156 36 76.859
160 36 78.9865
164 36 80.948
168 36 82.7408
172 36 84.364
176 36 85.8181
180 36 87.1048
184 36 88.227
188 36 89.1887
192 36 89.9949
196 36 90.6513
200 36 91.1646
0 40 -0.00320632
4 40 0.007655
8 40 0.00394324
12 40 0.00605297
16 40 0.00859785
20 40 0.0122107
24 40 0.017782
28 40 0.0272619
32 40 0.049187
36 40 0.111182
40 40 0.272527
44 40 0.623699
48 40 1.26781
52 40 2.293
56 40 3.75052
60 40 5.64706
64 40 7.95089
68 40 10.6054
72 40 13.5438
76 40 16.6999
80 40 20.0151
84 40 23.441
88 40 26.9396
92 40 30.4814
96 40 34.0436
100 40 37.6081
104 40 41.1598
108 40 44.6855
112 40 48.1725
116 40 51.6089
120 40 54.9825
124 40 58.2811
128 40 61.4928
132 40 64.6057
136 40 67.6082
140 40 70.4895
144 40 73.2395
148 40 75.8493
152 40 78.3108
156 40 80.6176
160 40 82.7644
164 40 84.7476
168 40 86.5648
172 40 88.2152
176 40 89.6993
180 40 91.0189
184 40 92.177
188 40 93.1776
192 40 94.0257
196 40 94.7272
200 40 95.2884
0 44 -0.00074786
4 44 0.0191284
8 44 0.0160394
12 44 0.0222567
16 44 0.0307763
20 44 0.0431484
24 44 0.0621206
28 44 0.0941795
32 44 0.159536
36 44 0.307508
40 44 0.623699
44 44 1.21649
48 44 2.18708
52 44 3.6005
56 44 5.47204
60 44 7.77151
64 44 10.4386
68 44 13.4003
72 44 16.5848
76 44 19.9292
80 44 23.3831
84 44 26.908
88 44 30.4751
92 44 34.0632
96 44 37.6561
100 44 41.2408
104 44 44.8059
108 44 48.3404
112 44 51.8339
116 44 55.2753
120 44 58.6535
124 44 61.9569
128 44 65.1739
132 44 68.293
136 44 71.3031
140 44 74.1934
144 44 76.9541
148 44 79.5764
152 44 82.0525
156 44 84.3762
160 44 86.5423
164 44 88.5472
168 44 90.3888
172 44 92.0664
176 44 93.5805
180 44 94.9331
184 44 96.127
188 44 97.1665
192 44 98.0566
196 44 98.803
200 44 99.4123
0 48 0.0110124
4 48 0.0461533
8 48 0.0478495
12 48 0.064241
16 48 0.0872859
20 48 0.12066
24 48 0.171304
28 48 0.254984
32 48 0.410376
36 48 0.71245
40 48 1.26781
44 48 2.18708
48 48 3.55009
52 48 5.38433
56 48 7.66491
60 48 10.3303
64 48 13.3025
68 48 16.5042
72 48 19.8681
76 48 23.3414
80 48 26.8844
84 48 30.4691
88 48 34.0753
92 48 37.6885
96 48 41.2973
100 48 44.892
104 48 48.4635
108 48 52.0026
112 48 55.4996
116 48 58.9443
120 48 62.326
124 48 65.6335
128 48 68.8555
132 48 71.9807
136 48 74.9981
140 48 77.8974
144 48 80.6687
148 48 83.3035
152 48 85.7943
156 48 88.1348
160 48 90.3201
164 48 92.3468
168 48 94.2129
172 48 95.9176
176 48 97.4617
180 48 98.8472
184 48 100.077
188 48 101.155
192 48 102.087
196 48 102.879
200 48 103.536
0 52 0.0432212
4 52 0.103267
8 52 0.117842
12 52 0.155405
16 52 0.207999
20 52 0.283294
24 52 0.395763
28 52 0.575671
32 52 0.884245
36 52 1.41877
40 52 2.293
44 52 3.6005
48 52 5.38433
52 52 7.62958
56 52 10.2771
60 52 13.2458
64 52 16.4533
68 52 19.8276
72 52 23.3126
76 52 26.8674
80 52 30.4637
84 52 34.0821
88 52 37.7092
92 52 41.3351
96 52 44.9517
100 52 48.5512
104 52 52.126
108 52 55.6676
112 52 59.1669
116 52 62.6142
120 52 65.999
124 52 69.3104
128 52 72.5372
132 52 75.6684
136 52 78.6932
140 52 81.6014
144 52 84.3833
148 52 87.0307
152 52 89.5361
156 52 91.8934
160 52 94.098
164 52 96.1464
168 52 98.0369
172 52 99.7688
176 52 101.343
180 52 102.761
184 52 104.027
188 52 105.144
192 52 106.118
196 52 106.955
200 52 107.66
0 56 0.113086
4 56 0.211705
8 56 0.252228
12 56 0.328027
16 56 0.432763
20 56 0.580395
24 56 0.79643
28 56 1.12911
32 56 1.66079
36 56 2.50024
40 56 3.75052
44 56 5.47204
48 56 7.66491
52 56 10.2771
56 56 13.2273
60 56 16.4287
64 56 19.8045
68 56 23.2946
72 56 26.8559
76 56 30.4592
80 56 34.0854
84 56 37.7217
88 56 41.3594
92 56 44.9915
96 56 48.6118
100 56 52.2137
104 56 55.7903
108 56 59.3335
112 56 62.8348
116 56 66.2844
120 56 69.6722
124 56 72.9873
128 56 76.219
132 56 79.3562
136 56 82.3883
140 56 85.3053
144 56 88.0979
148 56 90.7578
152 56 93.2778
156 56 95.652
160 56 97.8758
164 56 99.946
168 56 101.861
172 56 103.62
176 56 105.224
180 56 106.675
184 56 107.977
188 56 109.133
192 56 110.149
196 56 111.03
200 56 111.784
0 60 0.243877
4 60 0.398828
8 60 0.483708
12 60 0.621026
16 60 0.807703
20 60 1.06614
24 60 1.43526
28 60 1.98106
32 60 2.79966
36 60 3.99621
40 60 5.64706
44 60 7.77151
48 60 10.3303
52 60 13.2458
56 60 16.4287
60 60 19.797
64 60 23.2859
68 60 26.8493
72 60 30.4561
76 60 34.0867
80 60 37.7288
84 60 41.3742
88 60 45.017
92 60 48.6521
96 60 52.2742
100 60 55.8774
104 60 59.4552
108 60 62.9998
112 60 66.5028
116 60 69.9546
120 60 73.3453
124 60 76.6643
128 60 79.9007
132 60 83.0438
136 60 86.0833
140 60 89.0092
144 60 91.8125
148 60 94.4849
152 60 97.0195
156 60 99.4105
160 60 101.654
164 60 103.746
168 60 105.685
172 60 107.471
176 60 109.105
180 60 110.589
184 60 111.927
188 60 113.122
192 60 114.18
196 60 115.106
200 60 115.907
0 64 0.463691
4 64 0.696208
8 64 0.848659
12 64 1.07596
16 64 1.3796
20 64 1.79175
24 64 2.36484
28 64 3.17821
32 64 4.33027
36 64 5.90784
40 64 7.95089
44 64 10.4386
48 64 13.3025
52 64 16.4533
56 64 19.8045
60 64 23.2859
64 64 26.8471
68 64 30.4544
72 64 34.0871
76 64 37.7324
80 64 41.3827
84 64 45.0326
88 64 48.6779
92 64 52.3144
96 64 55.9374
100 64 59.5415
104 64 63.1202
108 64 66.6661
112 64 70.1707
116 64 73.6248
120 64 77.0183
124 64 80.341
128 64 83.5822
132 64 86.7314
136 64 89.7782
140 64 92.713
144 64 95.5269
148 64 98.2118
152 64 100.761
156 64 103.169
160 64 105.431
164 64 107.545
168 64 109.509
172 64 111.322
176 64 112.986
180 64 114.503
184 64 115.877
188 64 117.111
192 64 118.21
196 64 119.182
200 64 120.031
0 68 0.803194
4 68 1.13676
8 68 1.38342
12 68 1.73224
16 68 2.18987
20 68 2.79815
24 68 3.62046
28 68 4.7417
32 68 6.25038
36 68 8.20441
40 68 10.6054
44 68 13.4003
48 68 16.5042
52 68 19.8276
56 68 23.2946
60 68 26.8493
64 68 30.4544
68 68 34.0871
72 68 37.7339
76 68 41.3869
80 68 45.0412
84 68 48.6933
88 68 52.3397
92 68 55.977
96 68 59.6006
100 68 63.2054
104 68 66.785
108 68 70.3321
112 68 73.8383
116 68 77.2945
120 68 80.691
124 68 84.0175
128 68 87.2635
132 68 90.4186
136 68 93.4728
140 68 96.4165
144 68 99.241
148 68 101.938
152 68 104.502
156 68 106.927
160 68 109.209
164 68 111.344
168 68 113.332
172 68 115.173
176 68 116.867
180 68 118.417
184 68 119.826
188 68 121.099
192 68 122.241
196 68 123.257
200 68 124.154
0 72 1.29279
4 72 1.75157
8 72 2.12051
12 72 2.62274
16 72 3.26964
20 72 4.11103
24 72 5.21637
28 72 6.6671
32 72 8.53171
36 72 10.8346
40 72 13.5438
44 72 16.5848
48 72 19.8681
52 72 23.3126
56 72 26.8559
60 72 30.4561
64 72 34.0871
68 72 37.7339
72 72 41.3882
76 72 45.0451
80 72 48.7013
84 72 52.3544
88 72 56.0015
92 72 59.6392
96 72 63.2633
100 72 66.8687
104 72 70.4491
108 72 73.9973
112 72 77.5052
116 72 80.9636
120 72 84.363
124 72 87.6932
128 72 90.944
132 72 94.1051
136 72 97.1666
140 72 100.119
144 72 102.954
148 72 105.664
152 72 108.243
156 72 110.684
160 72 112.985
164 72 115.143
168 72 117.155
172 72 119.023
176 72 120.747
180 72 122.33
184 72 123.775
188 72 125.087
192 72 126.27
196 72 127.331
200 72 128.275
0 76 1.95979
4 76 2.5669
8 76 3.08546
12 76 3.7705
16 76 4.63677
20 76 5.73893
24 76 7.14647
28 76 8.92899
32 76 11.1289
36 76 13.7383
40 76 16.6999
44 76 19.9292
48 76 23.3414
52 76 26.8674
56 76 30.4592
60 76 34.0867
64 76 37.7324
68 76 41.3869
72 76 45.0451
76 76 48.7038
80 76 52.3611
84 76 56.0147
88 76 59.6621
92 76 63.3001
96 76 66.9247
100 76 70.5306
104 76 74.1119
108 76 77.6613
112 76 81.1708
116 76 84.6314
120 76 88.0337
124 76 91.3677
128 76 94.6233
132 76 97.7904
136 76 100.859
140 76 103.821
144 76 106.667
148 76 109.389
152 76 111.982
156 76 114.441
160 76 116.761
164 76 118.94
168 76 120.977
172 76 122.872
176 76 124.626
180 76 126.241
184 76 127.722
188 76 129.073
192 76 130.298
196 76 131.403
200 76 132.395
0 80 2.82603
4 80 3.60206
8 80 4.29473
12 80 5.18714
16 80 6.2951
20 80 7.67421
24 80 9.38788
28 80 11.4878
32 80 13.9885
36 80 16.8552
40 80 20.0151
44 80 23.3831
48 80 26.8844
52 80 30.4637
56 80 34.0854
60 80 37.7288
64 80 41.3827
68 80 45.0412
72 80 48.7013
76 80 52.3611
80 80 56.0188
84 80 59.6727
88 80 63.3204
92 80 66.9587
96 80 70.5837
100 80 74.1902
104 80 77.7723
108 80 81.323
112 80 84.8341
116 80 88.297
120 80 91.7022
124 80 95.04
128 80 98.3004
132 80 101.474
136 80 104.55
140 80 107.52
144 80 110.377
148 80 113.112
152 80 115.72
156 80 118.195
160 80 120.534
164 80 122.735
168 80 124.796
172 80 126.718
176 80 128.502
180 80 130.151
184 80 131.667
188 80 133.056
192 80 134.322
196 80 135.472
200 80 136.511
0 84 3.90624
4 84 4.86806
8 84 5.75493
12 84 6.87268
16 84 8.23553
20 84 9.8959
24 84 11.9061
28 84 14.2966
32 84 17.0563
36 84 20.1309
40 84 23.441
44 84 26.908
48 84 30.4691
52 84 34.0821
56 84 37.7217
60 84 41.3742
64 84 45.0326
68 84 48.6933
72 84 52.3544
76 84 56.0147
80 84 59.6727
84 84 63.3269
88 84 66.9748
92 84 70.6134
96 84 74.2388
100 84 77.846
104 84 81.429
108 84 84.9808
112 84 88.4937
116 84 91.9588
120 84 95.367
124 84 98.7086
128 84 101.974
132 84 105.153
136 84 108.237
140 84 111.216
144 84 114.083
148 84 116.831
152 84 119.453
156 84 121.946
160 84 124.304
164 84 126.527
168 84 128.613
172 84 130.562
176 84 132.375
180 84 134.056
184 84 135.608
188 84 137.035
192 84 138.343
196 84 139.536
200 84 140.622
0 88 5.20725
4 88 6.36728
8 88 7.46295
12 88 8.81666
16 88 10.4383
20 88 12.3735
24 88 14.6601
28 88 17.3069
32 88 20.282
36 88 23.5189
40 88 26.9396
44 88 30.4751
48 88 34.0753
52 88 37.7092
56 88 41.3594
60 88 45.017
64 88 48.6779
68 88 52.3397
72 88 56.0015
76 88 59.6621
80 88 63.3204
84 88 66.9748
88 88 70.623
92 88 74.262
96 88 77.8879
100 88 81.4957
104 88 85.0797
108 88 88.6328
112 88 92.1474
116 88 95.6148
120 88 99.0261
124 88 102.372
128 88 105.642
132 88 108.827
136 88 111.918
140 88 114.907
144 88 117.785
148 88 120.545
152 88 123.182
156 88 125.691
160 88 128.069
164 88 130.313
168 88 132.423
172 88 134.399
176 88 136.243
180 88 137.956
184 88 139.543
188 88 141.008
192 88 142.356
196 88 143.592
200 88 144.723
0 92 6.72795
4 92 8.09385
8 92 9.40703
12 92 11
16 92 12.8759
20 92 15.0708
24 92 17.6065
28 92 20.4724
32 92 23.6211
36 92 26.9815
40 92 30.4814
44 92 34.0632
48 92 37.6885
52 92 41.3351
56 92 44.9915
60 92 48.6521
64 92 52.3144
68 92 55.977
72 92 59.6392
76 92 63.3001
80 92 66.9587
84 92 70.6134
88 92 74.262
92 92 77.9015
96 92 81.5279
100 92 85.1365
104 92 88.7215
108 92 92.276
112 92 95.7924
116 92 99.2623
120 92 102.677
124 92 106.026
128 92 109.301
132 92 112.493
136 92 115.591
140 92 118.589
144 92 121.478
148 92 124.251
152 92 126.903
156 92 129.429
160 92 131.826
164 92 134.092
168 92 136.226
172 92 138.229
176 92 140.102
180 92 141.848
184 92 143.469
188 92 144.971
192 92 146.359
196 92 147.637
200 92 148.812
0 96 8.45985
4 96 10.0346
8 96 11.5682
12 96 13.3969
16 96 15.5155
20 96 17.9489
24 96 20.703
28 96 23.751
32 96 27.0361
36 96 30.4882
40 96 34.0436
44 96 37.6561
48 96 41.2973
52 96 44.9517
56 96 48.6118
60 96 52.2742
64 96 55.9374
68 96 59.6006
72 96 63.2633
76 96 66.9247
80 96 70.5837
84 96 74.2388
88 96 77.8879
92 96 81.5279
96 96 85.1551
100 96 88.7646
104 96 92.3508
108 96 95.9068
112 96 99.4252
116 96 102.898
120 96 106.315
124 96 109.669
128 96 112.949
132 96 116.147
136 96 119.253
140 96 122.26
144 96 125.16
148 96 127.946
152 96 130.612
156 96 133.155
160 96 135.572
164 96 137.859
168 96 140.018
172 96 142.047
176 96 143.949
180 96 145.727
184 96 147.382
188 96 148.921
192 96 150.346
196 96 151.665
200 96 152.882
0 100 10.3881
4 100 12.1703
8 100 13.9221
12 100 15.9775
16 100 18.3221
20 100 20.969
24 100 23.9097
28 100 27.1056
32 100 30.4956
36 100 34.0144
40 100 37.6081
44 100 41.2408
48 100 44.892
52 100 48.5512
56 100 52.2137
60 100 55.8774
64 100 59.5415
68 100 63.2054
72 100 66.8687
76 100 70.5306
80 100 74.1902
84 100 77.846
88 100 81.4957
92 100 85.1365
96 100 88.7646
100 100 92.3752
104 100 95.9627
108 100 99.5205
112 100 103.041
116 100 106.516
120 100 109.937
124 100 113.295
128 100 116.581
132 100 119.785
136 100 122.899
140 100 125.915
144 100 128.826
148 100 131.625
152 100 134.306
156 100 136.867
160 100 139.302
164 100 141.612
168 100 143.794
172 100 145.85
176 100 147.78
180 100 149.589
184 100 151.277
188 100 152.851
192 100 154.313
196 100 155.67
200 100 156.927
0 104 12.4925
4 104 14.4771
8 104 16.4404
12 104 18.7092
16 104 21.2596
20 104 24.0935
24 104 27.1905
28 104 30.5042
32 104 33.9734
36 104 37.54
40 104 41.1598
44 104 44.8059
48 104 48.4635
52 104 52.126
56 104 55.7903
60 104 59.4552
64 104 63.1202
68 104 66.785
72 104 70.4491
76 104 74.1119
80 104 77.7723
84 104 81.429
88 104 85.0797
92 104 88.7215
96 104 92.3508
100 104 95.9627
104 104 99.5518
108 104 103.112
112 104 106.634
116 104 110.113
120 104 113.537
124 104 116.9
128 104 120.191
132 104 123.402
136 104 126.524
140 104 129.55
144 104 132.472
148 104 135.284
152 104 137.981
156 104 140.558
160 104 143.013
164 104 145.344
168 104 147.55
172 104 149.631
176 104 151.59
180 104 153.428
184 104 155.149
188 104 156.756
192 104 158.253
196 104 159.646
200 104 160.939
0 108 14.7491
4 108 16.9279
8 108 19.0925
12 108 21.5584
16 108 24.2928
20 108 27.2875
24 108 30.5131
28 108 33.919
32 108 37.4473
36 108 41.0477
40 108 44.6855
44 108 48.3404
48 108 52.0026
52 108 55.6676
56 108 59.3335
60 108 62.9998
64 108 66.6661
68 108 70.3321
72 108 73.9973
76 108 77.6613
80 108 81.323
84 108 84.9808
88 108 88.6328
92 108 92.276
96 108 95.9068
100 108 99.5205
104 108 103.112
108 108 106.674
112 108 110.199
116 108 113.681
120 108 117.109
124 108 120.477
128 108 123.774
132 108 126.992
136 108 130.123
140 108 133.158
144 108 136.092
148 108 138.917
152 108 141.629
156 108 144.223
160 108 146.697
164 108 149.049
168 108 151.279
172 108 153.386
176 108 155.371
180 108 157.238
184 108 158.989
188 108 160.628
192 108 162.157
196 108 163.583
200 108 164.909
0 112 17.131
4 112 19.4932
8 112 21.8466
12 112 24.4917
16 112 27.3879
20 112 30.5188
24 112 33.8486
28 112 37.3258
32 112 40.8978
36 112 44.5223
40 112 48.1725
44 112 51.8339
48 112 55.4996
52 112 59.1669
56 112 62.8348
60 112 66.5028
64 112 70.1707
68 112 73.8383
72 112 77.5052
76 112 81.1708
80 112 84.8341
84 112 88.4937
88 112 92.1474
92 112 95.7924
96 112 99.4252
100 112 103.041
104 112 106.634
108 112 110.199
112 112 113.728
116 112 117.213
120 112 120.647
124 112 124.019
128 112 127.323
132 112 130.548
136 112 133.688
140 112 136.734
144 112 139.679
148 112 142.518
152 112 145.245
156 112 147.856
160 112 150.349
164 112 152.722
168 112 154.975
172 112 157.106
176 112 159.118
180 112 161.012
184 112 162.791
188 112 164.458
192 112 166.017
196 112 167.472
200 112 168.826
0 116 19.6096
4 116 22.1429
8 116 24.671
12 116 27.4766
16 116 30.5133
20 116 33.758
24 116 37.1713
28 116 40.7034
32 116 44.3076
36 116 47.9496
40 116 51.6089
44 116 55.2753
48 116 58.9443
52 116 62.6142
56 116 66.2844
60 116 69.9546
64 116 73.6248
68 116 77.2945
72 116 80.9636
76 116 84.6314
80 116 88.297
84 116 91.9588
88 116 95.6148
92 116 99.2623
96 116 102.898
100 116 106.516
104 116 110.113
108 116 113.681
112 116 117.213
116 116 120.703
120 116 124.141
124 116 127.52
128 116 130.83
132 116 134.063
136 116 137.212
140 116 140.269
144 116 143.226
148 116 146.079
152 116 148.821
156 116 151.45
160 116 153.962
164 116 156.356
168 116 158.63
172 116 160.784
176 116 162.82
180 116 164.74
184 116 166.545
188 116 168.238
192 116 169.822
196 116 171.301
200 116 172.679
0 120 22.1557
4 120 24.8465
8 120 27.5343
12 120 30.4822
16 120 33.6395
20 120 36.9786
24 120 40.4584
28 120 44.0326
32 120 47.6608
36 120 51.3159
40 120 54.9825
44 120 58.6535
48 120 62.326
52 120 65.999
56 120 69.6722
60 120 73.3453
64 120 77.0183
68 120 80.691
72 120 84.363
76 120 88.0337
80 120 91.7022
84 120 95.367
88 120 99.0261
92 120 102.677
96 120 106.315
100 120 109.937
104 120 113.537
108 120 117.109
112 120 120.647
116 120 124.141
120 120 127.585
124 120 130.97
128 120 134.288
132 120 137.53
136 120 140.689
140 120 143.756
144 120 146.726
148 120 149.593
152 120 152.351
156 120 154.997
160 120 157.527
164 120 159.941
168 120 162.236
172 120 164.412
176 120 166.471
180 120 168.413
184 120 170.241
188 120 171.956
192 120 173.562
196 120 175.06
200 120 176.455
0 124 24.7399
4 124 27.5741
8 124 30.4067
12 124 33.4796
16 124 36.7396
20 124 40.1563
24 124 43.6891
28 124 47.2958
32 124 50.9426
36 124 54.6081
40 124 58.2811
44 124 61.9569
48 124 65.6335
52 124 69.3104
56 124 72.9873
60 124 76.6643
64 124 80.341
68 124 84.0175
72 124 87.6932
76 124 91.3677
80 124 95.04
84 124 98.7086
88 124 102.372
92 124 106.026
96 124 109.669
100 124 113.295
104 124 116.9
108 124 120.477
112 124 124.019
116 124 127.52
120 124 130.97
124 124 134.363
128 124 137.689
132 124 140.94
136 124 144.109
140 124 147.188
144 124 150.171
148 124 153.052
152 124 155.826
156 124 158.488
160 124 161.037
164 124 163.469
168 124 165.784
172 124 167.981
176 124 170.06
180 124 172.022
184 124 173.869
188 124 175.602
192 124 177.224
196 124 178.736
200 124 180.141
0 128 27.3337
4 128 30.2969
8 128 33.2598
12 128 36.4418
16 128 39.7888
20 128 43.2694
24 128 46.8446
28 128 50.477
32 128 54.1387
36 128 57.8133
40 128 61.4928
44 128 65.1739
48 128 68.8555
52 128 72.5372
56 128 76.219
60 128 79.9007
64 128 83.5822
68 128 87.2635
72 128 90.944
76 128 94.6233
80 128 98.3004
84 128 101.974
88 128 105.642
92 128 109.301
96 128 112.949
100 128 116.581
104 128 120.191
108 128 123.774
112 128 127.323
116 128 130.83
120 128 134.288
124 128 137.689
128 128 141.024
132 128 144.285
136 128 147.465
140 128 150.557
144 128 153.553
148 128 156.448
152 128 159.238
156 128 161.917
160 128 164.483
164 128 166.933
168 128 169.266
172 128 171.481
176 128 173.577
180 128 175.556
184 128 177.418
188 128 179.164
192 128 180.796
196 128 182.315
200 128 183.723
0 132 29.9097
4 132 32.9879
8 132 36.0674
12 132 39.3442
16 132 42.7649
20 132 46.2983
24 132 49.9079
28 132 53.5613
32 132 57.2359
36 132 60.9192
40 132 64.6057
44 132 68.293
48 132 71.9807
52 132 75.6684
56 132 79.3562
60 132 83.0438
64 132 86.7314
68 132 90.4186
72 132 94.1051
76 132 97.7904
80 132 101.474
84 132 105.153
88 132 108.827
92 132 112.493
96 132 116.147
100 132 119.785
104 132 123.402
108 132 126.992
112 132 130.548
116 132 134.063
120 132 137.53
124 132 140.94
128 132 144.285
132 132 147.557
136 132 150.749
140 132 153.854
144 132 156.864
148 132 159.774
152 132 162.578
156 132 165.273
160 132 167.856
164 132 170.322
168 132 172.671
172 132 174.902
176 132 177.012
180 132 179.004
184 132 180.876
188 132 182.629
192 132 184.265
196 132 185.785
200 132 187.189
0 136 32.4421
4 136 35.6216
8 136 38.8053
12 136 42.1643
16 136 45.6477
20 136 49.2251
24 136 52.8634
28 136 56.5348
32 136 60.2214
36 136 63.9138
40 136 67.6082
44 136 71.3031
48 136 74.9981
52 136 78.6932
56 136 82.3883
60 136 86.0833
64 136 89.7782
68 136 93.4728
72 136 97.1666
76 136 100.859
80 136 104.55
84 136 108.237
88 136 111.918
92 136 115.591
96 136 119.253
100 136 122.899
104 136 126.524
108 136 130.123
112 136 133.688
116 136 137.212
120 136 140.689
124 136 144.109
128 136 147.465
132 136 150.749
136 136 153.954
140 136 157.071
144 136 160.096
148 136 163.02
152 136 165.84
156 136 168.55
160 136 171.148
164 136 173.629
168 136 175.991
172 136 178.234
176 136 180.355
180 136 182.354
184 136 184.231
188 136 185.986
192 136 187.619
196 136 189.131
200 136 190.522
0 140 34.9071
4 140 38.1749
8 140 41.4515
12 140 44.8822
16 140 48.4192
20 140 52.034
24 140 55.697
28 140 59.3849
32 140 63.0835
36 140 66.7859
40 140 70.4895
44 140 74.1934
48 140 77.8974
52 140 81.6014
56 140 85.3053
60 140 89.0092
64 140 92.713
68 140 96.4165
72 140 100.119
76 140 103.821
80 140 107.52
84 140 111.216
88 140 114.907
92 140 118.589
96 140 122.26
100 140 125.915
104 140 129.55
108 140 133.158
112 140 136.734
116 140 140.269
120 140 143.756
124 140 147.188
128 140 150.557
132 140 153.854
136 140 157.071
140 140 160.203
144 140 163.241
148 140 166.18
152 140 169.014
156 140 171.739
160 140 174.349
164 140 176.843
168 140 179.216
172 140 181.467
176 140 183.595
180 140 185.597
184 140 187.473
188 140 189.222
192 140 190.845
196 140 192.341
200 140 193.711
0 144 37.283
4 144 40.627
8 144 43.9867
12 144 47.4801
16 144 51.0637
20 144 54.7112
24 144 58.3964
28 144 62.1002
32 144 65.8114
36 144 69.5251
40 144 73.2395
44 144 76.9541
48 144 80.6687
52 144 84.3833
56 144 88.0979
60 144 91.8125
64 144 95.5269
68 144 99.241
72 144 102.954
76 144 106.667
80 144 110.377
84 144 114.083
88 144 117.785
92 144 121.478
96 144 125.16
100 144 128.826
104 144 132.472
108 144 136.092
112 144 139.679
116 144 143.226
120 144 146.726
124 144 150.171
128 144 153.553
132 144 156.864
136 144 160.096
140 144 163.241
144 144 166.294
148 144 169.247
152 144 172.094
156 144 174.831
160 144 177.453
164 144 179.956
168 144 182.337
172 144 184.592
176 144 186.721
180 144 188.72
184 144 190.588
188 144 192.325
192 144 193.93
196 144 195.402
200 144 196.742
0 148 39.5503
4 148 42.9594
8 148 46.3936
12 148 49.9426
16 148 53.5673
20 148 57.2443
24 148 60.9506
28 148 64.6705
32 148 68.3956
36 148 72.1222
40 148 75.8493
44 148 79.5764
48 148 83.3035
52 148 87.0307
56 148 90.7578
60 148 94.4849
64 148 98.2118
68 148 101.938
72 148 105.664
76 148 109.389
80 148 113.112
84 148 116.831
88 148 120.545
92 148 124.251
96 148 127.946
100 148 131.625
104 148 135.284
108 148 138.917
112 148 142.518
116 148 146.079
120 148 149.593
124 148 153.052
128 148 156.448
132 148 159.774
136 148 163.02
140 148 166.18
144 148 169.247
148 148 172.213
152 148 175.073
156 148 177.821
160 148 180.451
164 148 182.96
168 148 185.344
172 148 187.599
176 148 189.723
180 148 191.713
184 148 193.567
188 148 195.284
192 148 196.862
196 148 198.302
200 148 199.602
0 152 41.692
4 152 45.156
8 152 48.6576
12 152 52.2565
16 152 55.9186
20 152 59.623
24 152 63.3501
28 152 67.0871
32 152 70.8276
36 152 74.5691
40 152 78.3108
44 152 82.0525
48 152 85.7943
52 152 89.5361
56 152 93.2778
60 152 97.0195
64 152 100.761
68 152 104.502
72 152 108.243
76 152 111.982
80 152 115.72
84 152 119.453
88 152 123.182
92 152 126.903
96 152 130.612
100 152 134.306
104 152 137.981
108 152 141.629
112 152 145.245
116 152 148.821
120 152 152.351
124 152 155.826
128 152 159.238
132 152 162.578
136 152 165.84
140 152 169.014
144 152 172.094
148 152 175.073
152 152 177.943
156 152 180.699
160 152 183.335
164 152 185.847
168 152 188.229
172 152 190.479
176 152 192.592
180 152 194.566
184 152 196.398
188 152 198.087
192 152 199.631
196 152 201.028
200 152 202.279
0 156 43.6934
4 156 47.2034
8 156 50.7664
12 156 54.4108
16 156 58.1077
20 156 61.8387
24 156 65.5871
28 156 69.3426
32 156 73.1005
36 156 76.859
40 156 80.6176
44 156 84.3762
48 156 88.1348
52 156 91.8934
56 156 95.652
60 156 99.4105
64 156 103.169
68 156 106.927
72 156 110.684
76 156 114.441
80 156 118.195
84 156 121.946
88 156 125.691
92 156 129.429
96 156 133.155
100 156 136.867
104 156 140.558
108 156 144.223
112 156 147.856
116 156 151.45
120 156 154.997
124 156 158.488
128 156 161.917
132 156 165.273
136 156 168.55
140 156 171.739
144 156 174.831
148 156 177.821
152 156 180.699
156 156 183.461
160 156 186.099
164 156 188.609
168 156 190.984
172 156 193.222
176 156 195.318
180 156 197.269
184 156 199.072
188 156 200.724
192 156 202.224
196 156 203.572
200 156 204.765
0 160 45.5423
4 160 49.0903
8 160 52.71
12 160 56.3969
16 160 60.1271
20 160 63.8846
24 160 67.6554
28 160 71.4313
32 160 75.2088
36 160 78.9865
40 160 82.7644
44 160 86.5423
48 160 90.3201
52 160 94.098
56 160 97.8758
60 160 101.654
64 160 105.431
68 160 109.209
72 160 112.985
76 160 116.761
80 160 120.534
84 160 124.304
88 160 128.069
92 160 131.826
96 160 135.572
100 160 139.302
104 160 143.013
108 160 146.697
112 160 150.349
116 160 153.962
120 160 157.527
124 160 161.037
128 160 164.483
132 160 167.856
136 160 171.148
140 160 174.349
144 160 177.453
148 160 180.451
152 160 183.335
156 160 186.099
160 160 188.735
164 160 191.238
168 160 193.602
172 160 195.822
176 160 197.893
180 160 199.813
184 160 201.578
188 160 203.186
192 160 204.634
196 160 205.922
200 160 207.049
0 164 47.229
4 164 50.808
8 164 54.4807
12 164 58.2081
16 164 61.971
20 164 65.7557
24 164 69.5506
28 164 73.349
32 164 77.1484
36 164 80.948
40 164 84.7476
44 164 88.5472
48 164 92.3468
52 164 96.1464
56 164 99.946
60 164 103.746
64 164 107.545
68 164 111.344
72 164 115.143
76 164 118.94
80 164 122.735
84 164 126.527
88 164 130.313
92 164 134.092
96 164 137.859
100 164 141.612
104 164 145.344
108 164 149.049
112 164 152.722
116 164 156.356
120 164 159.941
124 164 163.469
128 164 166.933
132 164 170.322
136 164 173.629
140 164 176.843
144 164 179.956
148 164 182.96
152 164 185.847
156 164 188.609
160 164 191.238
164 164 193.728
168 164 196.074
172 164 198.269
176 164 200.309
180 164 202.191
184 164 203.91
188 164 205.464
192 164 206.852
196 164 208.072
200 164 209.124
0 168 48.7458
4 168 52.35
8 168 56.073
12 168 59.8398
16 168 63.6355
20 168 67.4487
24 168 71.2695
28 168 75.0928
32 168 78.9167
36 168 82.7408
40 168 86.5648
44 168 90.3888
48 168 94.2129
52 168 98.0369
56 168 101.861
60 168 105.685
64 168 109.509
68 168 113.332
72 168 117.155
76 168 120.977
80 168 124.796
84 168 128.613
88 168 132.423
92 168 136.226
96 168 140.018
100 168 143.794
104 168 147.55
108 168 151.279
112 168 154.975
116 168 158.63
120 168 162.236
124 168 165.784
128 168 169.266
132 168 172.671
136 168 175.991
140 168 179.216
144 168 182.337
148 168 185.344
152 168 188.229
156 168 190.984
160 168 193.602
164 168 196.074
168 168 198.394
172 168 200.558
176 168 202.559
180 168 204.394
184 168 206.059
188 168 207.552
192 168 208.87
196 168 210.014
200 168 210.983
0 172 50.0875
4 172 53.7118
8 172 57.4833
12 172 61.2891
16 172 65.1184
20 172 68.9618
24 172 72.8109
28 172 76.6617
32 172 80.5128
36 172 84.364
40 172 88.2152
44 172 92.0664
48 172 95.9176
52 172 99.7688
56 172 103.62
60 172 107.471
64 172 111.322
68 172 115.173
72 172 119.023
76 172 122.872
80 172 126.718
84 172 130.562
88 172 134.399
92 172 138.229
96 172 142.047
100 172 145.85
104 172 149.631
108 172 153.386
112 172 157.106
116 172 160.784
120 172 164.412
124 172 167.981
128 172 171.481
132 172 174.902
136 172 178.234
140 172 181.467
144 172 184.592
148 172 187.599
152 172 190.479
156 172 193.222
160 172 195.822
164 172 198.269
168 172 200.558
172 172 202.682
176 172 204.636
180 172 206.416
184 172 208.019
188 172 209.442
192 172 210.684
196 172 211.744
200 172 212.623
0 176 51.2508
4 176 54.8913
8 176 58.71
12 176 62.555
16 176 66.4193
20 176 70.2949
24 176 74.1747
28 176 78.0557
32 176 81.9369
36 176 85.8181
40 176 89.6993
44 176 93.5805
48 176 97.4617
52 176 101.343
56 176 105.224
60 176 109.105
64 176 112.986
68 176 116.867
72 176 120.747
76 176 124.626
80 176 128.502
84 176 132.375
88 176 136.243
92 176 140.102
96 176 143.949
100 176 147.78
104 176 151.59
108 176 155.371
112 176 159.118
116 176 162.82
120 176 166.471
124 176 170.06
128 176 173.577
132 176 177.012
136 176 180.355
140 176 183.595
144 176 186.721
148 176 189.723
152 176 192.592
156 176 195.318
160 176 197.893
164 176 200.309
168 176 202.559
172 176 204.636
176 176 206.536
180 176 208.253
184 176 209.786
188 176 211.132
192 176 212.289
196 176 213.258
200 176 214.04
0 180 52.2343
4 180 55.8876
8 180 59.7532
12 180 63.6382
16 180 67.5392
20 180 71.4493
24 180 75.3625
28 180 79.2765
32 180 83.1907
36 180 87.1048
40 180 91.0189
44 180 94.9331
48 180 98.8472
52 180 102.761
56 180 106.675
60 180 110.589
64 180 114.503
68 180 118.417
72 180 122.33
76 180 126.241
80 180 130.151
84 180 134.056
88 180 137.956
92 180 141.848
96 180 145.727
100 180 149.589
104 180 153.428
108 180 157.238
112 180 161.012
116 180 164.74
120 180 168.413
124 180 172.022
128 180 175.556
132 180 179.004
136 180 182.354
140 180 185.597
144 180 188.72
148 180 191.713
152 180 194.566
156 180 197.269
160 180 199.813
164 180 202.191
168 180 204.394
172 180 206.416
176 180 208.253
180 180 209.901
184 180 211.356
188 180 212.616
192 180 213.682
196 180 214.554
200 180 215.232
0 184 53.0385
4 184 56.7022
8 184 60.6146
12 184 64.5408
16 184 68.4804
20 184 72.4275
24 184 76.377
28 184 80.3269
32 184 84.2769
36 184 88.227
40 184 92.177
44 184 96.127
48 184 100.077
52 184 104.027
56 184 107.977
60 184 111.927
64 184 115.877
68 184 119.826
72 184 123.775
76 184 127.722
80 184 131.667
84 184 135.608
88 184 139.543
92 184 143.469
96 184 147.382
100 184 151.277
104 184 155.149
108 184 158.989
112 184 162.791
116 184 166.545
120 184 170.241
124 184 173.869
128 184 177.418
132 184 180.876
136 184 184.231
140 184 187.473
144 184 190.588
148 184 193.567
152 184 196.398
156 184 199.072
160 184 201.578
164 184 203.91
168 184 206.059
172 184 208.019
176 184 209.786
180 184 211.356
184 184 212.726
188 184 213.895
192 184 214.862
196 184 215.63
200 184 216.201
0 188 53.6654
4 188 57.3375
8 188 61.2971
12 188 65.2661
16 188 69.2465
20 188 73.2333
24 188 77.2219
28 188 81.2108
32 188 85.1997
36 188 89.1887
40 188 93.1776
44 188 97.1665
48 188 101.155
52 188 105.144
56 188 109.133
60 188 113.122
64 188 117.111
68 188 121.099
72 188 125.087
76 188 129.073
80 188 133.056
84 188 137.035
88 188 141.008
92 188 144.971
96 188 148.921
100 188 152.851
104 188 156.756
108 188 160.628
112 188 164.458
116 188 168.238
120 188 171.956
124 188 175.602
128 188 179.164
132 188 182.629
136 188 185.986
140 188 189.222
144 188 192.325
148 188 195.284
152 188 198.087
156 188 200.724
160 188 203.186
164 188 205.464
168 188 207.552
172 188 209.442
176 188 211.132
180 188 212.616
184 188 213.895
188 188 214.965
192 188 215.83
196 188 216.489
200 188 216.947
0 192 54.1182
4 192 57.7976
8 192 61.8052
12 192 65.8186
16 192 69.8424
20 192 73.8716
24 192 77.9023
28 192 81.9331
32 192 85.964
36 192 89.9949
40 192 94.0257
44 192 98.0566
48 192 102.087
52 192 106.118
56 192 110.149
60 192 114.18
64 192 118.21
68 192 122.241
72 192 126.27
76 192 130.298
80 192 134.322
84 192 138.343
88 192 142.356
92 192 146.359
96 192 150.346
100 192 154.313
104 192 158.253
108 192 162.157
112 192 166.017
116 192 169.822
120 192 173.562
124 192 177.224
128 192 180.796
132 192 184.265
136 192 187.619
140 192 190.845
144 192 193.93
148 192 196.862
152 192 199.631
156 192 202.224
160 192 204.634
164 192 206.852
168 192 208.87
172 192 210.684
176 192 212.289
180 192 213.682
184 192 214.862
188 192 215.83
192 192 216.585
196 192 217.132
200 192 217.474
0 196 54.4017
4 196 58.0876
8 196 62.1443
12 196 66.2041
16 196 70.2736
20 196 74.3481
24 196 78.4239
28 196 82.4997
32 196 86.5755
36 196 90.6513
40 196 94.7272
44 196 98.803
48 196 102.879
52 196 106.955
56 196 111.03
60 196 115.106
64 196 119.182
68 196 123.257
72 196 127.331
76 196 131.403
80 196 135.472
84 196 139.536
88 196 143.592
92 196 147.637
96 196 151.665
100 196 155.67
104 196 159.646
108 196 163.583
112 196 167.472
116 196 171.301
120 196 175.06
124 196 178.736
128 196 182.315
132 196 185.785
136 196 189.131
140 196 192.341
144 196 195.402
148 196 198.302
152 196 201.028
156 196 203.572
160 196 205.922
164 196 208.072
168 196 210.014
172 196 211.744
176 196 213.258
180 196 214.554
184 196 215.63
188 196 216.489
192 196 217.132
196 196 217.563
200 196 217.787
0 200 54.5215
4 200 58.2135
8 200 62.3205
12 200 66.4287
16 200 70.5466
20 200 74.6694
24 200 78.7931
28 200 82.917
32 200 87.0408
36 200 91.1646
40 200 95.2884
44 200 99.4123
48 200 103.536
52 200 107.66
56 200 111.784
60 200 115.907
64 200 120.031
68 200 124.154
72 200 128.275
76 200 132.395
80 200 136.511
84 200 140.622
88 200 144.723
92 200 148.812
96 200 152.882
100 200 156.927
104 200 160.939
108 200 164.909
112 200 168.826
116 200 172.679
120 200 176.455
124 200 180.141
128 200 183.723
132 200 187.189
136 200 190.522
140 200 193.711
144 200 196.742
148 200 199.602
152 200 202.279
156 200 204.765
160 200 207.049
164 200 209.124
168 200 210.983
172 200 212.623
176 200 214.04
180 200 215.232
184 200 216.201
188 200 216.947
192 200 217.474
196 200 217.787
200 200 217.895
